2 ,4 ,7 ,8 ,16 ,17 ,21 ,24 ,26 ,28 ,34 ,36 ,39 ,40 ,41 ,42 ,43 ,48 ,50 ,51 ,59 ,62 ,64 ,66 ,69 ,71 ,73 ,75 ,76 ,78 ,79 ,81 ,82 ,83 ,84 ,87 ,89 ,91 ,92 ,
2 , 4, 2, 1

0 ,2 ,4 ,7 ,8 ,16 ,17 ,21 ,24 ,26 ,28 ,36 ,39 ,40 ,41 ,42 ,43 ,48 ,50 ,51 ,59 ,62 ,64 ,66 ,69 ,71 ,73 ,75 ,76 ,78 ,79 ,81 ,82 ,83 ,84 ,87 ,89 ,91 ,92 ,
0 , 2, 2, 1

0 ,1 ,2 ,4 ,7 ,8 ,16 ,17 ,21 ,24 ,26 ,28 ,36 ,39 ,40 ,41 ,42 ,43 ,48 ,50 ,51 ,59 ,62 ,64 ,66 ,69 ,73 ,75 ,76 ,78 ,79 ,81 ,82 ,83 ,84 ,87 ,89 ,91 ,92 ,
2 , 4, 2, 3

0 ,1 ,2 ,3 ,4 ,7 ,8 ,16 ,17 ,21 ,24 ,26 ,28 ,36 ,39 ,40 ,41 ,42 ,43 ,48 ,50 ,51 ,59 ,62 ,64 ,66 ,69 ,73 ,75 ,76 ,78 ,79 ,81 ,83 ,84 ,87 ,89 ,91 ,92 ,
4 , 7, 3, 5

0 ,1 ,2 ,3 ,5 ,7 ,8 ,16 ,17 ,21 ,24 ,26 ,28 ,36 ,39 ,40 ,41 ,42 ,43 ,48 ,50 ,51 ,59 ,62 ,64 ,66 ,69 ,73 ,75 ,76 ,78 ,79 ,81 ,83 ,84 ,87 ,89 ,91 ,92 ,
3 , 5, 2, 4

0 ,1 ,2 ,3 ,4 ,5 ,7 ,8 ,16 ,17 ,21 ,24 ,26 ,36 ,39 ,40 ,41 ,42 ,43 ,48 ,50 ,51 ,59 ,62 ,64 ,66 ,69 ,73 ,75 ,76 ,78 ,79 ,81 ,83 ,84 ,87 ,89 ,91 ,92 ,
5 , 7, 2, 6

0 ,1 ,2 ,3 ,4 ,5 ,6 ,7 ,8 ,16 ,17 ,21 ,24 ,26 ,36 ,39 ,40 ,41 ,42 ,48 ,50 ,51 ,59 ,62 ,64 ,66 ,69 ,73 ,75 ,76 ,78 ,79 ,81 ,83 ,84 ,87 ,89 ,91 ,92 ,
8 , 16, 8, 9

0 ,1 ,2 ,3 ,4 ,5 ,6 ,7 ,8 ,9 ,17 ,21 ,24 ,26 ,36 ,39 ,40 ,41 ,42 ,48 ,50 ,51 ,59 ,62 ,64 ,66 ,69 ,73 ,75 ,76 ,78 ,79 ,81 ,83 ,84 ,87 ,89 ,91 ,92 ,
9 , 17, 8, 10

0 ,1 ,2 ,3 ,4 ,5 ,6 ,7 ,8 ,9 ,10 ,17 ,21 ,24 ,26 ,36 ,39 ,40 ,41 ,42 ,48 ,50 ,51 ,59 ,62 ,64 ,66 ,69 ,73 ,75 ,76 ,78 ,79 ,81 ,83 ,87 ,89 ,91 ,92 ,
10 , 17, 7, 11

0 ,1 ,2 ,3 ,4 ,5 ,6 ,7 ,8 ,9 ,10 ,11 ,17 ,21 ,24 ,26 ,36 ,39 ,40 ,41 ,42 ,48 ,50 ,51 ,59 ,62 ,64 ,66 ,69 ,73 ,75 ,76 ,79 ,81 ,83 ,87 ,89 ,91 ,92 ,
11 , 17, 6, 12

0 ,1 ,2 ,3 ,4 ,5 ,6 ,7 ,8 ,9 ,10 ,11 ,12 ,17 ,21 ,24 ,26 ,36 ,39 ,40 ,41 ,42 ,48 ,51 ,59 ,62 ,64 ,66 ,69 ,73 ,75 ,76 ,79 ,81 ,83 ,87 ,89 ,91 ,92 ,
12 , 17, 5, 13

0 ,1 ,2 ,3 ,4 ,5 ,6 ,7 ,8 ,9 ,10 ,11 ,12 ,13 ,17 ,21 ,24 ,26 ,36 ,39 ,40 ,41 ,42 ,48 ,51 ,59 ,62 ,64 ,66 ,69 ,73 ,75 ,76 ,79 ,83 ,87 ,89 ,91 ,92 ,
13 , 17, 4, 14

0 ,1 ,2 ,3 ,4 ,5 ,6 ,7 ,8 ,9 ,10 ,11 ,12 ,13 ,14 ,17 ,21 ,24 ,26 ,36 ,39 ,40 ,41 ,42 ,48 ,51 ,59 ,62 ,66 ,69 ,73 ,75 ,76 ,79 ,83 ,87 ,89 ,91 ,92 ,
14 , 17, 3, 15

0 ,1 ,2 ,3 ,4 ,5 ,6 ,7 ,8 ,9 ,10 ,11 ,12 ,13 ,14 ,15 ,21 ,24 ,26 ,36 ,39 ,40 ,41 ,42 ,48 ,51 ,59 ,62 ,66 ,69 ,73 ,75 ,76 ,79 ,83 ,87 ,89 ,91 ,92 ,
15 , 21, 6, 16

0 ,1 ,2 ,3 ,4 ,5 ,6 ,7 ,8 ,9 ,10 ,11 ,12 ,13 ,14 ,15 ,16 ,21 ,26 ,36 ,39 ,40 ,41 ,42 ,48 ,51 ,59 ,62 ,66 ,69 ,73 ,75 ,76 ,79 ,83 ,87 ,89 ,91 ,92 ,
16 , 21, 5, 17

0 ,1 ,2 ,3 ,4 ,5 ,6 ,7 ,8 ,9 ,10 ,11 ,12 ,13 ,14 ,15 ,16 ,17 ,21 ,26 ,36 ,39 ,40 ,41 ,42 ,48 ,51 ,59 ,62 ,66 ,69 ,73 ,75 ,76 ,79 ,83 ,87 ,91 ,92 ,
17 , 21, 4, 18

0 ,1 ,2 ,3 ,4 ,5 ,6 ,7 ,8 ,9 ,10 ,11 ,12 ,13 ,14 ,15 ,16 ,17 ,18 ,21 ,26 ,36 ,39 ,40 ,41 ,42 ,48 ,51 ,59 ,62 ,66 ,73 ,75 ,76 ,79 ,83 ,87 ,91 ,92 ,
18 , 21, 3, 19

0 ,1 ,2 ,3 ,4 ,5 ,6 ,7 ,9 ,10 ,11 ,12 ,13 ,14 ,15 ,16 ,17 ,18 ,19 ,21 ,26 ,36 ,39 ,40 ,41 ,42 ,48 ,51 ,59 ,62 ,66 ,73 ,75 ,76 ,79 ,83 ,87 ,91 ,92 ,
7 , 9, 2, 8

0 ,1 ,2 ,3 ,4 ,5 ,6 ,7 ,8 ,9 ,10 ,11 ,12 ,13 ,14 ,15 ,16 ,17 ,18 ,19 ,21 ,26 ,36 ,39 ,40 ,41 ,42 ,48 ,51 ,59 ,62 ,66 ,73 ,75 ,76 ,83 ,87 ,91 ,92 ,
19 , 21, 2, 20

0 ,1 ,2 ,3 ,4 ,5 ,6 ,7 ,8 ,9 ,10 ,11 ,12 ,13 ,14 ,15 ,16 ,17 ,18 ,19 ,20 ,21 ,26 ,36 ,39 ,40 ,41 ,42 ,48 ,51 ,59 ,62 ,66 ,73 ,75 ,76 ,83 ,91 ,92 ,
21 , 26, 5, 22

0 ,1 ,2 ,3 ,4 ,5 ,6 ,7 ,8 ,9 ,10 ,11 ,12 ,13 ,14 ,15 ,16 ,17 ,18 ,19 ,20 ,21 ,22 ,26 ,36 ,39 ,40 ,41 ,42 ,48 ,51 ,59 ,62 ,66 ,73 ,75 ,76 ,83 ,91 ,
22 , 26, 4, 23

0 ,1 ,2 ,3 ,4 ,5 ,6 ,7 ,8 ,9 ,10 ,11 ,12 ,13 ,14 ,15 ,16 ,17 ,18 ,19 ,20 ,21 ,22 ,23 ,26 ,36 ,39 ,40 ,41 ,42 ,48 ,51 ,59 ,62 ,66 ,73 ,75 ,76 ,91 ,
23 , 26, 3, 24

0 ,1 ,2 ,3 ,4 ,5 ,6 ,7 ,8 ,9 ,10 ,11 ,12 ,13 ,14 ,15 ,16 ,17 ,18 ,19 ,20 ,21 ,22 ,23 ,24 ,26 ,36 ,39 ,40 ,42 ,48 ,51 ,59 ,62 ,66 ,73 ,75 ,76 ,91 ,
24 , 26, 2, 25

0 ,1 ,2 ,3 ,4 ,5 ,6 ,7 ,8 ,9 ,10 ,11 ,12 ,13 ,14 ,15 ,16 ,17 ,18 ,19 ,20 ,21 ,22 ,23 ,24 ,25 ,26 ,36 ,40 ,42 ,48 ,51 ,59 ,62 ,66 ,73 ,75 ,76 ,91 ,
26 , 36, 10, 27

0 ,1 ,2 ,3 ,4 ,5 ,6 ,7 ,8 ,9 ,10 ,11 ,12 ,13 ,14 ,15 ,16 ,17 ,18 ,19 ,20 ,21 ,22 ,23 ,24 ,25 ,26 ,27 ,36 ,40 ,42 ,48 ,51 ,59 ,66 ,73 ,75 ,76 ,91 ,
27 , 36, 9, 28

0 ,1 ,2 ,3 ,4 ,5 ,6 ,7 ,8 ,9 ,10 ,11 ,12 ,13 ,14 ,15 ,16 ,17 ,18 ,19 ,20 ,21 ,22 ,23 ,24 ,25 ,26 ,27 ,28 ,36 ,42 ,48 ,51 ,59 ,66 ,73 ,75 ,76 ,91 ,
28 , 36, 8, 29

0 ,1 ,3 ,4 ,5 ,6 ,7 ,8 ,9 ,10 ,11 ,12 ,13 ,14 ,15 ,16 ,17 ,18 ,19 ,20 ,21 ,22 ,23 ,24 ,25 ,26 ,27 ,28 ,29 ,36 ,42 ,48 ,51 ,59 ,66 ,73 ,75 ,76 ,91 ,
1 , 3, 2, 2

0 ,1 ,2 ,3 ,4 ,5 ,6 ,7 ,8 ,9 ,10 ,11 ,12 ,13 ,14 ,15 ,16 ,17 ,18 ,19 ,20 ,21 ,22 ,23 ,24 ,25 ,26 ,27 ,28 ,29 ,36 ,42 ,48 ,59 ,66 ,73 ,75 ,76 ,91 ,
29 , 36, 7, 30

0 ,1 ,2 ,3 ,4 ,5 ,6 ,7 ,8 ,9 ,10 ,11 ,12 ,13 ,14 ,15 ,16 ,17 ,18 ,19 ,20 ,22 ,23 ,24 ,25 ,26 ,27 ,28 ,29 ,30 ,36 ,42 ,48 ,59 ,66 ,73 ,75 ,76 ,91 ,
20 , 22, 2, 21

0 ,1 ,2 ,3 ,4 ,5 ,6 ,7 ,8 ,9 ,10 ,11 ,12 ,13 ,14 ,15 ,16 ,17 ,18 ,19 ,20 ,21 ,22 ,23 ,24 ,25 ,26 ,27 ,28 ,29 ,30 ,36 ,42 ,48 ,59 ,66 ,73 ,76 ,91 ,
30 , 36, 6, 31

0 ,1 ,2 ,3 ,4 ,5 ,6 ,7 ,8 ,9 ,10 ,11 ,12 ,13 ,14 ,15 ,16 ,17 ,18 ,19 ,20 ,21 ,22 ,23 ,24 ,25 ,26 ,27 ,28 ,29 ,30 ,31 ,42 ,48 ,59 ,66 ,73 ,76 ,91 ,
31 , 42, 11, 32

0 ,1 ,2 ,3 ,4 ,5 ,6 ,7 ,8 ,9 ,10 ,11 ,12 ,13 ,14 ,15 ,16 ,17 ,18 ,19 ,20 ,21 ,22 ,23 ,24 ,25 ,26 ,27 ,28 ,29 ,30 ,31 ,32 ,42 ,59 ,66 ,73 ,76 ,91 ,
32 , 42, 10, 33

0 ,1 ,2 ,3 ,4 ,5 ,6 ,8 ,9 ,10 ,11 ,12 ,13 ,14 ,15 ,16 ,17 ,18 ,19 ,20 ,21 ,22 ,23 ,24 ,25 ,26 ,27 ,28 ,29 ,30 ,31 ,32 ,33 ,42 ,59 ,66 ,73 ,76 ,91 ,
6 , 8, 2, 7

0 ,1 ,2 ,3 ,4 ,5 ,6 ,7 ,8 ,9 ,10 ,11 ,12 ,13 ,14 ,15 ,16 ,17 ,18 ,19 ,20 ,21 ,22 ,23 ,24 ,25 ,26 ,27 ,28 ,29 ,30 ,31 ,32 ,33 ,59 ,66 ,73 ,76 ,91 ,
33 , 59, 26, 34

0 ,1 ,2 ,3 ,4 ,5 ,6 ,7 ,8 ,9 ,10 ,11 ,12 ,13 ,14 ,15 ,16 ,17 ,18 ,19 ,20 ,21 ,22 ,23 ,24 ,25 ,26 ,27 ,28 ,29 ,30 ,31 ,32 ,33 ,34 ,59 ,66 ,73 ,91 ,
34 , 59, 25, 35

0 ,1 ,2 ,3 ,4 ,5 ,6 ,7 ,8 ,9 ,10 ,11 ,12 ,13 ,14 ,15 ,16 ,17 ,18 ,19 ,20 ,21 ,22 ,23 ,24 ,25 ,26 ,27 ,28 ,29 ,30 ,31 ,32 ,33 ,34 ,35 ,59 ,66 ,91 ,
35 , 59, 24, 36

0 ,1 ,2 ,3 ,4 ,5 ,6 ,7 ,8 ,9 ,10 ,11 ,12 ,13 ,14 ,15 ,16 ,17 ,18 ,19 ,20 ,21 ,22 ,23 ,24 ,25 ,26 ,27 ,28 ,29 ,30 ,31 ,32 ,33 ,34 ,35 ,36 ,66 ,91 ,
36 , 66, 30, 37

0 ,1 ,2 ,3 ,4 ,5 ,6 ,7 ,8 ,9 ,10 ,11 ,12 ,13 ,14 ,15 ,16 ,17 ,18 ,19 ,20 ,21 ,22 ,23 ,24 ,25 ,27 ,28 ,29 ,30 ,31 ,32 ,33 ,34 ,35 ,36 ,37 ,66 ,91 ,
25 , 27, 2, 26

0 ,1 ,2 ,3 ,4 ,5 ,6 ,7 ,8 ,9 ,10 ,11 ,12 ,13 ,14 ,15 ,16 ,17 ,18 ,19 ,20 ,21 ,22 ,23 ,24 ,25 ,26 ,27 ,28 ,29 ,30 ,31 ,32 ,33 ,34 ,35 ,36 ,37 ,91 ,
37 , 91, 54, 38

0 ,1 ,2 ,3 ,4 ,5 ,6 ,7 ,8 ,9 ,10 ,11 ,12 ,13 ,14 ,15 ,16 ,17 ,18 ,19 ,20 ,21 ,22 ,23 ,24 ,25 ,26 ,27 ,28 ,29 ,30 ,31 ,32 ,33 ,34 ,35 ,36 ,37 ,38 ,
38 , , -38, 39

1 ,2 ,3 ,4 ,5 ,6 ,7 ,8 ,9 ,10 ,11 ,12 ,13 ,14 ,15 ,16 ,17 ,18 ,19 ,20 ,21 ,22 ,23 ,24 ,25 ,26 ,27 ,28 ,29 ,30 ,31 ,32 ,33 ,34 ,35 ,36 ,37 ,38 ,39 ,
39 , , -39, 39

0 ,2 ,3 ,4 ,5 ,6 ,7 ,8 ,9 ,10 ,11 ,12 ,13 ,14 ,15 ,16 ,17 ,18 ,19 ,20 ,21 ,22 ,23 ,24 ,25 ,26 ,27 ,28 ,29 ,30 ,31 ,32 ,33 ,34 ,35 ,36 ,37 ,38 ,39 ,
0 , 2, 2, 1

0 ,1 ,2 ,4 ,5 ,6 ,7 ,8 ,9 ,10 ,11 ,12 ,13 ,14 ,15 ,16 ,17 ,18 ,19 ,20 ,21 ,22 ,23 ,24 ,25 ,26 ,27 ,28 ,29 ,30 ,31 ,32 ,33 ,34 ,35 ,36 ,37 ,38 ,39 ,
2 , 4, 2, 3

0 ,1 ,2 ,3 ,4 ,6 ,7 ,8 ,9 ,10 ,11 ,12 ,13 ,14 ,15 ,16 ,17 ,18 ,19 ,20 ,21 ,22 ,23 ,24 ,25 ,26 ,27 ,28 ,29 ,30 ,31 ,32 ,33 ,34 ,35 ,36 ,37 ,38 ,39 ,
4 , 6, 2, 5

0 ,1 ,2 ,3 ,5 ,6 ,7 ,8 ,9 ,10 ,11 ,12 ,13 ,14 ,15 ,16 ,17 ,18 ,19 ,20 ,21 ,22 ,23 ,24 ,25 ,26 ,27 ,28 ,29 ,30 ,31 ,32 ,33 ,34 ,35 ,36 ,37 ,38 ,39 ,
3 , 5, 2, 4

0 ,1 ,2 ,3 ,4 ,5 ,7 ,8 ,9 ,10 ,11 ,12 ,13 ,14 ,15 ,16 ,17 ,18 ,19 ,20 ,21 ,22 ,23 ,24 ,25 ,26 ,27 ,28 ,29 ,30 ,31 ,32 ,33 ,34 ,35 ,36 ,37 ,38 ,39 ,
5 , 7, 2, 6

0 ,1 ,2 ,3 ,4 ,5 ,6 ,7 ,8 ,10 ,11 ,12 ,13 ,14 ,15 ,16 ,17 ,18 ,19 ,20 ,21 ,22 ,23 ,24 ,25 ,26 ,27 ,28 ,29 ,30 ,31 ,32 ,33 ,34 ,35 ,36 ,37 ,38 ,39 ,
8 , 10, 2, 9

0 ,1 ,2 ,3 ,4 ,5 ,6 ,7 ,8 ,9 ,11 ,12 ,13 ,14 ,15 ,16 ,17 ,18 ,19 ,20 ,21 ,22 ,23 ,24 ,25 ,26 ,27 ,28 ,29 ,30 ,31 ,32 ,33 ,34 ,35 ,36 ,37 ,38 ,39 ,
9 , 11, 2, 10

0 ,1 ,2 ,3 ,4 ,5 ,6 ,7 ,8 ,9 ,10 ,12 ,13 ,14 ,15 ,16 ,17 ,18 ,19 ,20 ,21 ,22 ,23 ,24 ,25 ,26 ,27 ,28 ,29 ,30 ,31 ,32 ,33 ,34 ,35 ,36 ,37 ,38 ,39 ,
10 , 12, 2, 11

0 ,1 ,2 ,3 ,4 ,5 ,6 ,7 ,8 ,9 ,10 ,11 ,13 ,14 ,15 ,16 ,17 ,18 ,19 ,20 ,21 ,22 ,23 ,24 ,25 ,26 ,27 ,28 ,29 ,30 ,31 ,32 ,33 ,34 ,35 ,36 ,37 ,38 ,39 ,
11 , 13, 2, 12

0 ,1 ,2 ,3 ,4 ,5 ,6 ,7 ,8 ,9 ,10 ,11 ,12 ,14 ,15 ,16 ,17 ,18 ,19 ,20 ,21 ,22 ,23 ,24 ,25 ,26 ,27 ,28 ,29 ,30 ,31 ,32 ,33 ,34 ,35 ,36 ,37 ,38 ,39 ,
12 , 14, 2, 13

0 ,1 ,2 ,3 ,4 ,5 ,6 ,7 ,8 ,9 ,10 ,11 ,12 ,13 ,15 ,16 ,17 ,18 ,19 ,20 ,21 ,22 ,23 ,24 ,25 ,26 ,27 ,28 ,29 ,30 ,31 ,32 ,33 ,34 ,35 ,36 ,37 ,38 ,39 ,
13 , 15, 2, 14

0 ,1 ,2 ,3 ,4 ,5 ,6 ,7 ,8 ,9 ,10 ,11 ,12 ,13 ,14 ,16 ,17 ,18 ,19 ,20 ,21 ,22 ,23 ,24 ,25 ,26 ,27 ,28 ,29 ,30 ,31 ,32 ,33 ,34 ,35 ,36 ,37 ,38 ,39 ,
14 , 16, 2, 15

0 ,1 ,2 ,3 ,4 ,5 ,6 ,7 ,8 ,9 ,10 ,11 ,12 ,13 ,14 ,15 ,17 ,18 ,19 ,20 ,21 ,22 ,23 ,24 ,25 ,26 ,27 ,28 ,29 ,30 ,31 ,32 ,33 ,34 ,35 ,36 ,37 ,38 ,39 ,
15 , 17, 2, 16

0 ,1 ,2 ,3 ,4 ,5 ,6 ,7 ,8 ,9 ,10 ,11 ,12 ,13 ,14 ,15 ,16 ,18 ,19 ,20 ,21 ,22 ,23 ,24 ,25 ,26 ,27 ,28 ,29 ,30 ,31 ,32 ,33 ,34 ,35 ,36 ,37 ,38 ,39 ,
16 , 18, 2, 17

0 ,1 ,2 ,3 ,4 ,5 ,6 ,7 ,8 ,9 ,10 ,11 ,12 ,13 ,14 ,15 ,16 ,17 ,19 ,20 ,21 ,22 ,23 ,24 ,25 ,26 ,27 ,28 ,29 ,30 ,31 ,32 ,33 ,34 ,35 ,36 ,37 ,38 ,39 ,
17 , 19, 2, 18

0 ,1 ,2 ,3 ,4 ,5 ,6 ,7 ,8 ,9 ,10 ,11 ,12 ,13 ,14 ,15 ,16 ,17 ,18 ,20 ,21 ,22 ,23 ,24 ,25 ,26 ,27 ,28 ,29 ,30 ,31 ,32 ,33 ,34 ,35 ,36 ,37 ,38 ,39 ,
18 , 20, 2, 19

0 ,1 ,2 ,3 ,4 ,5 ,6 ,7 ,9 ,10 ,11 ,12 ,13 ,14 ,15 ,16 ,17 ,18 ,19 ,20 ,21 ,22 ,23 ,24 ,25 ,26 ,27 ,28 ,29 ,30 ,31 ,32 ,33 ,34 ,35 ,36 ,37 ,38 ,39 ,
7 , 9, 2, 8

Case #1: 8
15 ,15 ,15 ,15 ,15 ,19 ,19 ,19 ,19 ,19 ,35 ,35 ,35 ,35 ,35 ,37 ,37 ,37 ,37 ,37 ,45 ,45 ,45 ,45 ,45 ,68 ,77 ,77 ,77 ,77 ,77 ,81 ,81 ,81 ,81 ,81 ,97 ,97 ,97 ,97 ,97 ,99 ,99 ,99 ,99 ,99 ,107 ,107 ,107 ,107 ,107 ,139 ,139 ,139 ,139 ,139 ,143 ,143 ,143 ,143 ,143 ,159 ,159 ,159 ,159 ,159 ,161 ,161 ,161 ,161 ,169 ,169 ,169 ,169 ,169 ,
15 , 19, 4, 5

0 ,15 ,15 ,15 ,15 ,15 ,19 ,19 ,19 ,19 ,19 ,35 ,35 ,35 ,35 ,35 ,37 ,37 ,37 ,37 ,37 ,45 ,45 ,45 ,45 ,45 ,77 ,77 ,77 ,77 ,77 ,81 ,81 ,81 ,81 ,81 ,97 ,97 ,97 ,97 ,97 ,99 ,99 ,99 ,99 ,99 ,107 ,107 ,107 ,107 ,107 ,139 ,139 ,139 ,139 ,139 ,143 ,143 ,143 ,143 ,143 ,159 ,159 ,159 ,159 ,159 ,161 ,161 ,161 ,161 ,169 ,169 ,169 ,169 ,169 ,
0 , 15, 15, 1

0 ,1 ,15 ,15 ,15 ,15 ,15 ,19 ,19 ,19 ,19 ,19 ,35 ,35 ,35 ,35 ,35 ,37 ,37 ,37 ,37 ,37 ,45 ,45 ,45 ,45 ,45 ,77 ,77 ,77 ,77 ,77 ,81 ,81 ,81 ,81 ,81 ,97 ,97 ,97 ,97 ,97 ,99 ,99 ,99 ,99 ,99 ,107 ,107 ,107 ,107 ,107 ,139 ,139 ,139 ,139 ,143 ,143 ,143 ,143 ,143 ,159 ,159 ,159 ,159 ,159 ,161 ,161 ,161 ,161 ,169 ,169 ,169 ,169 ,169 ,
1 , 15, 14, 2

0 ,1 ,2 ,15 ,15 ,15 ,15 ,15 ,19 ,19 ,19 ,19 ,19 ,35 ,35 ,35 ,35 ,35 ,37 ,37 ,37 ,37 ,37 ,45 ,45 ,45 ,45 ,45 ,77 ,77 ,77 ,77 ,77 ,81 ,81 ,81 ,81 ,81 ,97 ,97 ,97 ,97 ,97 ,99 ,99 ,99 ,99 ,99 ,107 ,107 ,107 ,107 ,107 ,139 ,139 ,139 ,139 ,143 ,143 ,143 ,143 ,143 ,159 ,159 ,159 ,159 ,161 ,161 ,161 ,161 ,169 ,169 ,169 ,169 ,169 ,
2 , 15, 13, 3

0 ,1 ,2 ,3 ,15 ,15 ,15 ,15 ,15 ,19 ,19 ,19 ,19 ,19 ,35 ,35 ,35 ,35 ,35 ,37 ,37 ,37 ,37 ,37 ,45 ,45 ,45 ,45 ,45 ,77 ,77 ,77 ,77 ,77 ,81 ,81 ,81 ,81 ,81 ,97 ,97 ,97 ,97 ,97 ,99 ,99 ,99 ,99 ,99 ,107 ,107 ,107 ,107 ,139 ,139 ,139 ,139 ,143 ,143 ,143 ,143 ,143 ,159 ,159 ,159 ,159 ,161 ,161 ,161 ,161 ,169 ,169 ,169 ,169 ,169 ,
3 , 15, 12, 4

0 ,1 ,2 ,3 ,4 ,15 ,15 ,15 ,15 ,15 ,19 ,19 ,19 ,19 ,35 ,35 ,35 ,35 ,35 ,37 ,37 ,37 ,37 ,37 ,45 ,45 ,45 ,45 ,45 ,77 ,77 ,77 ,77 ,77 ,81 ,81 ,81 ,81 ,81 ,97 ,97 ,97 ,97 ,97 ,99 ,99 ,99 ,99 ,99 ,107 ,107 ,107 ,107 ,139 ,139 ,139 ,139 ,143 ,143 ,143 ,143 ,143 ,159 ,159 ,159 ,159 ,161 ,161 ,161 ,161 ,169 ,169 ,169 ,169 ,169 ,
4 , 15, 11, 5

0 ,1 ,2 ,3 ,4 ,5 ,15 ,15 ,15 ,15 ,15 ,19 ,19 ,19 ,19 ,35 ,35 ,35 ,35 ,35 ,37 ,37 ,37 ,37 ,37 ,45 ,45 ,45 ,45 ,45 ,77 ,77 ,77 ,77 ,77 ,81 ,81 ,81 ,81 ,81 ,97 ,97 ,97 ,97 ,97 ,99 ,99 ,99 ,99 ,107 ,107 ,107 ,107 ,139 ,139 ,139 ,139 ,143 ,143 ,143 ,143 ,143 ,159 ,159 ,159 ,159 ,161 ,161 ,161 ,161 ,169 ,169 ,169 ,169 ,169 ,
5 , 15, 10, 6

0 ,1 ,2 ,3 ,4 ,5 ,6 ,15 ,15 ,15 ,15 ,15 ,19 ,19 ,19 ,19 ,35 ,35 ,35 ,35 ,35 ,37 ,37 ,37 ,37 ,37 ,45 ,45 ,45 ,45 ,45 ,77 ,77 ,77 ,77 ,81 ,81 ,81 ,81 ,81 ,97 ,97 ,97 ,97 ,97 ,99 ,99 ,99 ,99 ,107 ,107 ,107 ,107 ,139 ,139 ,139 ,139 ,143 ,143 ,143 ,143 ,143 ,159 ,159 ,159 ,159 ,161 ,161 ,161 ,161 ,169 ,169 ,169 ,169 ,169 ,
6 , 15, 9, 7

0 ,1 ,2 ,3 ,4 ,5 ,6 ,7 ,15 ,15 ,15 ,15 ,15 ,19 ,19 ,19 ,19 ,35 ,35 ,35 ,35 ,35 ,37 ,37 ,37 ,37 ,37 ,45 ,45 ,45 ,45 ,45 ,77 ,77 ,77 ,77 ,81 ,81 ,81 ,81 ,81 ,97 ,97 ,97 ,97 ,99 ,99 ,99 ,99 ,107 ,107 ,107 ,107 ,139 ,139 ,139 ,139 ,143 ,143 ,143 ,143 ,143 ,159 ,159 ,159 ,159 ,161 ,161 ,161 ,161 ,169 ,169 ,169 ,169 ,169 ,
7 , 15, 8, 8

0 ,1 ,2 ,3 ,4 ,5 ,6 ,7 ,8 ,15 ,15 ,15 ,15 ,15 ,19 ,19 ,19 ,19 ,35 ,35 ,35 ,35 ,35 ,37 ,37 ,37 ,37 ,37 ,45 ,45 ,45 ,45 ,77 ,77 ,77 ,77 ,81 ,81 ,81 ,81 ,81 ,97 ,97 ,97 ,97 ,99 ,99 ,99 ,99 ,107 ,107 ,107 ,107 ,139 ,139 ,139 ,139 ,143 ,143 ,143 ,143 ,143 ,159 ,159 ,159 ,159 ,161 ,161 ,161 ,161 ,169 ,169 ,169 ,169 ,169 ,
8 , 15, 7, 9

0 ,1 ,2 ,3 ,4 ,5 ,6 ,7 ,8 ,9 ,15 ,15 ,15 ,15 ,15 ,19 ,19 ,19 ,19 ,35 ,35 ,35 ,35 ,35 ,37 ,37 ,37 ,37 ,37 ,45 ,45 ,45 ,45 ,77 ,77 ,77 ,77 ,81 ,81 ,81 ,81 ,81 ,97 ,97 ,97 ,97 ,99 ,99 ,99 ,99 ,107 ,107 ,107 ,107 ,139 ,139 ,139 ,139 ,143 ,143 ,143 ,143 ,159 ,159 ,159 ,159 ,161 ,161 ,161 ,161 ,169 ,169 ,169 ,169 ,169 ,
9 , 15, 6, 10

0 ,1 ,2 ,3 ,4 ,5 ,6 ,7 ,8 ,9 ,10 ,15 ,15 ,15 ,15 ,15 ,19 ,19 ,19 ,19 ,35 ,35 ,35 ,35 ,35 ,37 ,37 ,37 ,37 ,45 ,45 ,45 ,45 ,77 ,77 ,77 ,77 ,81 ,81 ,81 ,81 ,81 ,97 ,97 ,97 ,97 ,99 ,99 ,99 ,99 ,107 ,107 ,107 ,107 ,139 ,139 ,139 ,139 ,143 ,143 ,143 ,143 ,159 ,159 ,159 ,159 ,161 ,161 ,161 ,161 ,169 ,169 ,169 ,169 ,169 ,
10 , 15, 5, 11

0 ,1 ,2 ,3 ,4 ,5 ,6 ,7 ,8 ,9 ,10 ,11 ,15 ,15 ,15 ,15 ,19 ,19 ,19 ,19 ,35 ,35 ,35 ,35 ,35 ,37 ,37 ,37 ,37 ,45 ,45 ,45 ,45 ,77 ,77 ,77 ,77 ,81 ,81 ,81 ,81 ,81 ,97 ,97 ,97 ,97 ,99 ,99 ,99 ,99 ,107 ,107 ,107 ,107 ,139 ,139 ,139 ,139 ,143 ,143 ,143 ,143 ,159 ,159 ,159 ,159 ,161 ,161 ,161 ,161 ,169 ,169 ,169 ,169 ,169 ,
11 , 15, 4, 12

0 ,1 ,2 ,3 ,4 ,5 ,6 ,7 ,8 ,9 ,10 ,11 ,12 ,15 ,15 ,15 ,15 ,19 ,19 ,19 ,19 ,35 ,35 ,35 ,35 ,37 ,37 ,37 ,37 ,45 ,45 ,45 ,45 ,77 ,77 ,77 ,77 ,81 ,81 ,81 ,81 ,81 ,97 ,97 ,97 ,97 ,99 ,99 ,99 ,99 ,107 ,107 ,107 ,107 ,139 ,139 ,139 ,139 ,143 ,143 ,143 ,143 ,159 ,159 ,159 ,159 ,161 ,161 ,161 ,161 ,169 ,169 ,169 ,169 ,169 ,
12 , 15, 3, 13

0 ,1 ,2 ,3 ,4 ,5 ,6 ,7 ,8 ,9 ,10 ,11 ,12 ,13 ,15 ,15 ,15 ,15 ,19 ,19 ,19 ,19 ,35 ,35 ,35 ,35 ,37 ,37 ,37 ,37 ,45 ,45 ,45 ,45 ,77 ,77 ,77 ,77 ,81 ,81 ,81 ,81 ,81 ,97 ,97 ,97 ,97 ,99 ,99 ,99 ,99 ,107 ,107 ,107 ,107 ,139 ,139 ,139 ,139 ,143 ,143 ,143 ,143 ,159 ,159 ,159 ,159 ,161 ,161 ,161 ,161 ,169 ,169 ,169 ,169 ,
13 , 15, 2, 14

0 ,1 ,2 ,3 ,4 ,5 ,6 ,7 ,8 ,9 ,10 ,11 ,12 ,13 ,14 ,15 ,15 ,15 ,15 ,19 ,19 ,19 ,19 ,35 ,35 ,35 ,35 ,37 ,37 ,37 ,37 ,45 ,45 ,45 ,45 ,77 ,77 ,77 ,77 ,81 ,81 ,81 ,81 ,97 ,97 ,97 ,97 ,99 ,99 ,99 ,99 ,107 ,107 ,107 ,107 ,139 ,139 ,139 ,139 ,143 ,143 ,143 ,143 ,159 ,159 ,159 ,159 ,161 ,161 ,161 ,161 ,169 ,169 ,169 ,169 ,
15 , 19, 4, 19

0 ,1 ,2 ,3 ,4 ,5 ,6 ,7 ,8 ,9 ,10 ,11 ,12 ,13 ,14 ,15 ,15 ,15 ,15 ,16 ,19 ,19 ,19 ,19 ,35 ,35 ,35 ,35 ,37 ,37 ,37 ,37 ,45 ,45 ,45 ,45 ,77 ,77 ,77 ,77 ,81 ,81 ,81 ,81 ,97 ,97 ,97 ,97 ,99 ,99 ,99 ,99 ,107 ,107 ,107 ,107 ,139 ,139 ,139 ,139 ,143 ,143 ,143 ,143 ,159 ,159 ,159 ,159 ,161 ,161 ,161 ,169 ,169 ,169 ,169 ,
16 , 19, 3, 20

0 ,1 ,2 ,3 ,4 ,5 ,6 ,7 ,8 ,9 ,10 ,11 ,12 ,13 ,14 ,15 ,15 ,15 ,15 ,16 ,17 ,19 ,19 ,19 ,19 ,35 ,35 ,35 ,35 ,37 ,37 ,37 ,37 ,45 ,45 ,45 ,45 ,77 ,77 ,77 ,77 ,81 ,81 ,81 ,81 ,97 ,97 ,97 ,97 ,99 ,99 ,99 ,99 ,107 ,107 ,107 ,107 ,139 ,139 ,139 ,143 ,143 ,143 ,143 ,159 ,159 ,159 ,159 ,161 ,161 ,161 ,169 ,169 ,169 ,169 ,
17 , 19, 2, 21

0 ,1 ,2 ,3 ,4 ,5 ,6 ,7 ,8 ,9 ,10 ,11 ,12 ,13 ,14 ,15 ,15 ,15 ,15 ,16 ,17 ,18 ,19 ,19 ,19 ,19 ,35 ,35 ,35 ,35 ,37 ,37 ,37 ,37 ,45 ,45 ,45 ,45 ,77 ,77 ,77 ,77 ,81 ,81 ,81 ,81 ,97 ,97 ,97 ,97 ,99 ,99 ,99 ,99 ,107 ,107 ,107 ,107 ,139 ,139 ,139 ,143 ,143 ,143 ,143 ,159 ,159 ,159 ,161 ,161 ,161 ,169 ,169 ,169 ,169 ,
19 , 35, 16, 26

0 ,1 ,2 ,3 ,4 ,5 ,6 ,7 ,8 ,9 ,10 ,11 ,12 ,13 ,14 ,15 ,15 ,15 ,15 ,16 ,17 ,18 ,19 ,19 ,19 ,19 ,20 ,35 ,35 ,35 ,35 ,37 ,37 ,37 ,37 ,45 ,45 ,45 ,45 ,77 ,77 ,77 ,77 ,81 ,81 ,81 ,81 ,97 ,97 ,97 ,97 ,99 ,99 ,99 ,99 ,107 ,107 ,107 ,139 ,139 ,139 ,143 ,143 ,143 ,143 ,159 ,159 ,159 ,161 ,161 ,161 ,169 ,169 ,169 ,169 ,
20 , 35, 15, 27

0 ,1 ,2 ,3 ,4 ,5 ,6 ,7 ,8 ,9 ,10 ,11 ,12 ,13 ,14 ,15 ,15 ,15 ,15 ,16 ,17 ,18 ,19 ,19 ,19 ,20 ,21 ,35 ,35 ,35 ,35 ,37 ,37 ,37 ,37 ,45 ,45 ,45 ,45 ,77 ,77 ,77 ,77 ,81 ,81 ,81 ,81 ,97 ,97 ,97 ,97 ,99 ,99 ,99 ,99 ,107 ,107 ,107 ,139 ,139 ,139 ,143 ,143 ,143 ,143 ,159 ,159 ,159 ,161 ,161 ,161 ,169 ,169 ,169 ,169 ,
21 , 35, 14, 27

0 ,1 ,2 ,3 ,4 ,5 ,6 ,7 ,8 ,9 ,10 ,11 ,12 ,13 ,14 ,15 ,15 ,15 ,15 ,16 ,17 ,18 ,19 ,19 ,19 ,20 ,21 ,22 ,35 ,35 ,35 ,35 ,37 ,37 ,37 ,37 ,45 ,45 ,45 ,45 ,77 ,77 ,77 ,77 ,81 ,81 ,81 ,81 ,97 ,97 ,97 ,97 ,99 ,99 ,99 ,107 ,107 ,107 ,139 ,139 ,139 ,143 ,143 ,143 ,143 ,159 ,159 ,159 ,161 ,161 ,161 ,169 ,169 ,169 ,169 ,
22 , 35, 13, 28

0 ,1 ,2 ,3 ,4 ,5 ,6 ,7 ,8 ,9 ,10 ,11 ,12 ,13 ,14 ,15 ,15 ,15 ,15 ,16 ,17 ,18 ,19 ,19 ,19 ,20 ,21 ,22 ,23 ,35 ,35 ,35 ,35 ,37 ,37 ,37 ,37 ,45 ,45 ,45 ,45 ,77 ,77 ,77 ,81 ,81 ,81 ,81 ,97 ,97 ,97 ,97 ,99 ,99 ,99 ,107 ,107 ,107 ,139 ,139 ,139 ,143 ,143 ,143 ,143 ,159 ,159 ,159 ,161 ,161 ,161 ,169 ,169 ,169 ,169 ,
23 , 35, 12, 29

0 ,1 ,2 ,3 ,4 ,5 ,6 ,7 ,8 ,9 ,10 ,11 ,12 ,13 ,14 ,15 ,15 ,15 ,15 ,16 ,17 ,18 ,19 ,19 ,19 ,20 ,21 ,22 ,23 ,24 ,35 ,35 ,35 ,35 ,37 ,37 ,37 ,37 ,45 ,45 ,45 ,45 ,77 ,77 ,77 ,81 ,81 ,81 ,81 ,97 ,97 ,97 ,99 ,99 ,99 ,107 ,107 ,107 ,139 ,139 ,139 ,143 ,143 ,143 ,143 ,159 ,159 ,159 ,161 ,161 ,161 ,169 ,169 ,169 ,169 ,
24 , 35, 11, 30

0 ,1 ,2 ,3 ,4 ,5 ,6 ,7 ,8 ,9 ,10 ,11 ,12 ,13 ,14 ,15 ,15 ,15 ,15 ,16 ,17 ,18 ,19 ,19 ,19 ,20 ,21 ,22 ,23 ,24 ,25 ,35 ,35 ,35 ,35 ,37 ,37 ,37 ,37 ,45 ,45 ,45 ,77 ,77 ,77 ,81 ,81 ,81 ,81 ,97 ,97 ,97 ,99 ,99 ,99 ,107 ,107 ,107 ,139 ,139 ,139 ,143 ,143 ,143 ,143 ,159 ,159 ,159 ,161 ,161 ,161 ,169 ,169 ,169 ,169 ,
25 , 35, 10, 31

0 ,1 ,2 ,3 ,4 ,5 ,6 ,7 ,8 ,9 ,10 ,11 ,12 ,13 ,14 ,15 ,15 ,15 ,15 ,16 ,17 ,18 ,19 ,19 ,19 ,20 ,21 ,22 ,23 ,24 ,25 ,26 ,35 ,35 ,35 ,35 ,37 ,37 ,37 ,37 ,45 ,45 ,45 ,77 ,77 ,77 ,81 ,81 ,81 ,81 ,97 ,97 ,97 ,99 ,99 ,99 ,107 ,107 ,107 ,139 ,139 ,139 ,143 ,143 ,143 ,159 ,159 ,159 ,161 ,161 ,161 ,169 ,169 ,169 ,169 ,
26 , 35, 9, 32

0 ,1 ,2 ,3 ,4 ,5 ,6 ,7 ,8 ,9 ,10 ,11 ,12 ,13 ,14 ,15 ,15 ,15 ,15 ,16 ,17 ,18 ,19 ,19 ,19 ,20 ,21 ,22 ,23 ,24 ,25 ,26 ,27 ,35 ,35 ,35 ,35 ,37 ,37 ,37 ,45 ,45 ,45 ,77 ,77 ,77 ,81 ,81 ,81 ,81 ,97 ,97 ,97 ,99 ,99 ,99 ,107 ,107 ,107 ,139 ,139 ,139 ,143 ,143 ,143 ,159 ,159 ,159 ,161 ,161 ,161 ,169 ,169 ,169 ,169 ,
27 , 35, 8, 33

0 ,1 ,2 ,3 ,4 ,5 ,6 ,7 ,8 ,9 ,10 ,11 ,12 ,13 ,14 ,15 ,15 ,15 ,16 ,17 ,18 ,19 ,19 ,19 ,20 ,21 ,22 ,23 ,24 ,25 ,26 ,27 ,28 ,35 ,35 ,35 ,35 ,37 ,37 ,37 ,45 ,45 ,45 ,77 ,77 ,77 ,81 ,81 ,81 ,81 ,97 ,97 ,97 ,99 ,99 ,99 ,107 ,107 ,107 ,139 ,139 ,139 ,143 ,143 ,143 ,159 ,159 ,159 ,161 ,161 ,161 ,169 ,169 ,169 ,169 ,
28 , 35, 7, 33

0 ,1 ,2 ,3 ,4 ,5 ,6 ,7 ,8 ,9 ,10 ,11 ,12 ,13 ,14 ,15 ,15 ,15 ,16 ,17 ,18 ,19 ,19 ,19 ,20 ,21 ,22 ,23 ,24 ,25 ,26 ,27 ,28 ,29 ,35 ,35 ,35 ,37 ,37 ,37 ,45 ,45 ,45 ,77 ,77 ,77 ,81 ,81 ,81 ,81 ,97 ,97 ,97 ,99 ,99 ,99 ,107 ,107 ,107 ,139 ,139 ,139 ,143 ,143 ,143 ,159 ,159 ,159 ,161 ,161 ,161 ,169 ,169 ,169 ,169 ,
29 , 35, 6, 34

0 ,1 ,2 ,3 ,4 ,5 ,6 ,7 ,8 ,9 ,10 ,11 ,12 ,13 ,14 ,15 ,15 ,15 ,16 ,17 ,18 ,19 ,19 ,19 ,20 ,21 ,22 ,23 ,24 ,25 ,26 ,27 ,28 ,29 ,30 ,35 ,35 ,35 ,37 ,37 ,37 ,45 ,45 ,45 ,77 ,77 ,77 ,81 ,81 ,81 ,81 ,97 ,97 ,97 ,99 ,99 ,99 ,107 ,107 ,107 ,139 ,139 ,139 ,143 ,143 ,143 ,159 ,159 ,159 ,161 ,161 ,161 ,169 ,169 ,169 ,
30 , 35, 5, 35

0 ,1 ,2 ,3 ,4 ,5 ,6 ,7 ,8 ,9 ,10 ,11 ,12 ,13 ,14 ,15 ,15 ,15 ,16 ,17 ,18 ,19 ,19 ,19 ,20 ,21 ,22 ,23 ,24 ,25 ,26 ,27 ,28 ,29 ,30 ,31 ,35 ,35 ,35 ,37 ,37 ,37 ,45 ,45 ,45 ,77 ,77 ,77 ,81 ,81 ,81 ,97 ,97 ,97 ,99 ,99 ,99 ,107 ,107 ,107 ,139 ,139 ,139 ,143 ,143 ,143 ,159 ,159 ,159 ,161 ,161 ,161 ,169 ,169 ,169 ,
31 , 35, 4, 36

0 ,1 ,2 ,3 ,4 ,5 ,6 ,7 ,8 ,9 ,10 ,11 ,12 ,13 ,14 ,15 ,15 ,15 ,16 ,17 ,18 ,19 ,19 ,19 ,20 ,21 ,22 ,23 ,24 ,25 ,26 ,27 ,28 ,29 ,30 ,31 ,32 ,35 ,35 ,35 ,37 ,37 ,37 ,45 ,45 ,45 ,77 ,77 ,77 ,81 ,81 ,81 ,97 ,97 ,97 ,99 ,99 ,99 ,107 ,107 ,107 ,139 ,139 ,139 ,143 ,143 ,143 ,159 ,159 ,159 ,161 ,161 ,169 ,169 ,169 ,
32 , 35, 3, 37

0 ,1 ,2 ,3 ,4 ,5 ,6 ,7 ,8 ,9 ,10 ,11 ,12 ,13 ,14 ,15 ,15 ,15 ,16 ,17 ,18 ,19 ,19 ,19 ,20 ,21 ,22 ,23 ,24 ,25 ,26 ,27 ,28 ,29 ,30 ,31 ,32 ,33 ,35 ,35 ,35 ,37 ,37 ,37 ,45 ,45 ,45 ,77 ,77 ,77 ,81 ,81 ,81 ,97 ,97 ,97 ,99 ,99 ,99 ,107 ,107 ,107 ,139 ,139 ,143 ,143 ,143 ,159 ,159 ,159 ,161 ,161 ,169 ,169 ,169 ,
33 , 35, 2, 38

0 ,1 ,2 ,3 ,4 ,5 ,6 ,7 ,8 ,9 ,10 ,11 ,12 ,13 ,14 ,15 ,15 ,15 ,16 ,17 ,18 ,19 ,19 ,19 ,20 ,21 ,22 ,23 ,24 ,25 ,26 ,27 ,28 ,29 ,30 ,31 ,32 ,33 ,34 ,35 ,35 ,35 ,37 ,37 ,37 ,45 ,45 ,45 ,77 ,77 ,77 ,81 ,81 ,81 ,97 ,97 ,97 ,99 ,99 ,99 ,107 ,107 ,107 ,139 ,139 ,143 ,143 ,143 ,159 ,159 ,161 ,161 ,169 ,169 ,169 ,
35 , 37, 2, 42

0 ,1 ,2 ,3 ,4 ,5 ,6 ,7 ,8 ,9 ,10 ,11 ,12 ,13 ,14 ,15 ,15 ,15 ,16 ,17 ,18 ,19 ,19 ,19 ,20 ,21 ,22 ,23 ,24 ,25 ,26 ,27 ,28 ,29 ,30 ,31 ,32 ,33 ,34 ,35 ,35 ,35 ,36 ,37 ,37 ,37 ,45 ,45 ,45 ,77 ,77 ,77 ,81 ,81 ,81 ,97 ,97 ,97 ,99 ,99 ,99 ,107 ,107 ,139 ,139 ,143 ,143 ,143 ,159 ,159 ,161 ,161 ,169 ,169 ,169 ,
37 , 45, 8, 46

0 ,1 ,2 ,3 ,4 ,5 ,6 ,7 ,8 ,9 ,10 ,11 ,12 ,13 ,14 ,15 ,15 ,15 ,16 ,17 ,18 ,19 ,19 ,20 ,21 ,22 ,23 ,24 ,25 ,26 ,27 ,28 ,29 ,30 ,31 ,32 ,33 ,34 ,35 ,35 ,35 ,36 ,37 ,37 ,37 ,38 ,45 ,45 ,45 ,77 ,77 ,77 ,81 ,81 ,81 ,97 ,97 ,97 ,99 ,99 ,99 ,107 ,107 ,139 ,139 ,143 ,143 ,143 ,159 ,159 ,161 ,161 ,169 ,169 ,169 ,
38 , 45, 7, 46

0 ,1 ,2 ,3 ,4 ,5 ,6 ,7 ,8 ,9 ,10 ,11 ,12 ,13 ,14 ,15 ,15 ,15 ,16 ,17 ,18 ,19 ,19 ,20 ,21 ,22 ,23 ,24 ,25 ,26 ,27 ,28 ,29 ,30 ,31 ,32 ,33 ,34 ,35 ,35 ,35 ,36 ,37 ,37 ,37 ,38 ,39 ,45 ,45 ,45 ,77 ,77 ,77 ,81 ,81 ,81 ,97 ,97 ,97 ,99 ,99 ,107 ,107 ,139 ,139 ,143 ,143 ,143 ,159 ,159 ,161 ,161 ,169 ,169 ,169 ,
39 , 45, 6, 47

0 ,1 ,2 ,3 ,4 ,5 ,6 ,7 ,8 ,9 ,10 ,11 ,12 ,13 ,14 ,15 ,15 ,15 ,16 ,17 ,18 ,19 ,19 ,20 ,21 ,22 ,23 ,24 ,25 ,26 ,27 ,28 ,29 ,30 ,31 ,32 ,33 ,34 ,35 ,35 ,35 ,36 ,37 ,37 ,37 ,38 ,39 ,40 ,45 ,45 ,45 ,77 ,77 ,81 ,81 ,81 ,97 ,97 ,97 ,99 ,99 ,107 ,107 ,139 ,139 ,143 ,143 ,143 ,159 ,159 ,161 ,161 ,169 ,169 ,169 ,
40 , 45, 5, 48

0 ,1 ,2 ,3 ,4 ,5 ,6 ,7 ,8 ,9 ,10 ,11 ,12 ,13 ,14 ,15 ,15 ,15 ,16 ,17 ,18 ,19 ,19 ,20 ,21 ,22 ,23 ,24 ,25 ,26 ,27 ,28 ,29 ,30 ,31 ,32 ,33 ,34 ,35 ,35 ,35 ,36 ,37 ,37 ,37 ,38 ,39 ,40 ,41 ,45 ,45 ,45 ,77 ,77 ,81 ,81 ,81 ,97 ,97 ,99 ,99 ,107 ,107 ,139 ,139 ,143 ,143 ,143 ,159 ,159 ,161 ,161 ,169 ,169 ,169 ,
41 , 45, 4, 49

0 ,1 ,2 ,3 ,4 ,5 ,6 ,7 ,8 ,9 ,10 ,11 ,12 ,13 ,14 ,15 ,15 ,15 ,16 ,17 ,18 ,19 ,19 ,20 ,21 ,22 ,23 ,24 ,25 ,26 ,27 ,28 ,29 ,30 ,31 ,32 ,33 ,34 ,35 ,35 ,35 ,36 ,37 ,37 ,37 ,38 ,39 ,40 ,41 ,42 ,45 ,45 ,77 ,77 ,81 ,81 ,81 ,97 ,97 ,99 ,99 ,107 ,107 ,139 ,139 ,143 ,143 ,143 ,159 ,159 ,161 ,161 ,169 ,169 ,169 ,
42 , 45, 3, 50

0 ,1 ,2 ,3 ,4 ,5 ,6 ,7 ,8 ,9 ,10 ,11 ,12 ,13 ,14 ,15 ,15 ,15 ,16 ,17 ,18 ,19 ,19 ,20 ,21 ,22 ,23 ,24 ,25 ,26 ,27 ,28 ,29 ,30 ,31 ,32 ,33 ,34 ,35 ,35 ,35 ,36 ,37 ,37 ,37 ,38 ,39 ,40 ,41 ,42 ,43 ,45 ,45 ,77 ,77 ,81 ,81 ,81 ,97 ,97 ,99 ,99 ,107 ,107 ,139 ,139 ,143 ,143 ,159 ,159 ,161 ,161 ,169 ,169 ,169 ,
43 , 45, 2, 51

0 ,1 ,2 ,3 ,4 ,5 ,6 ,7 ,8 ,9 ,10 ,11 ,12 ,13 ,14 ,15 ,15 ,15 ,16 ,17 ,18 ,19 ,19 ,20 ,21 ,22 ,23 ,24 ,25 ,26 ,27 ,28 ,29 ,30 ,31 ,32 ,33 ,34 ,35 ,35 ,35 ,36 ,37 ,37 ,38 ,39 ,40 ,41 ,42 ,43 ,44 ,45 ,45 ,77 ,77 ,81 ,81 ,81 ,97 ,97 ,99 ,99 ,107 ,107 ,139 ,139 ,143 ,143 ,159 ,159 ,161 ,161 ,169 ,169 ,169 ,
45 , 77, 32, 53

0 ,1 ,2 ,3 ,4 ,5 ,6 ,7 ,8 ,9 ,10 ,11 ,12 ,13 ,14 ,15 ,15 ,16 ,17 ,18 ,19 ,19 ,20 ,21 ,22 ,23 ,24 ,25 ,26 ,27 ,28 ,29 ,30 ,31 ,32 ,33 ,34 ,35 ,35 ,35 ,36 ,37 ,37 ,38 ,39 ,40 ,41 ,42 ,43 ,44 ,45 ,45 ,46 ,77 ,77 ,81 ,81 ,81 ,97 ,97 ,99 ,99 ,107 ,107 ,139 ,139 ,143 ,143 ,159 ,159 ,161 ,161 ,169 ,169 ,169 ,
46 , 77, 31, 53

0 ,1 ,2 ,3 ,4 ,5 ,6 ,7 ,8 ,9 ,10 ,11 ,12 ,13 ,14 ,15 ,15 ,16 ,17 ,18 ,19 ,19 ,20 ,21 ,22 ,23 ,24 ,25 ,26 ,27 ,28 ,29 ,30 ,31 ,32 ,33 ,34 ,35 ,35 ,36 ,37 ,37 ,38 ,39 ,40 ,41 ,42 ,43 ,44 ,45 ,45 ,46 ,47 ,77 ,77 ,81 ,81 ,81 ,97 ,97 ,99 ,99 ,107 ,107 ,139 ,139 ,143 ,143 ,159 ,159 ,161 ,161 ,169 ,169 ,169 ,
47 , 77, 30, 53

0 ,1 ,2 ,3 ,4 ,5 ,6 ,7 ,8 ,9 ,10 ,11 ,12 ,13 ,14 ,15 ,15 ,16 ,17 ,18 ,19 ,19 ,20 ,21 ,22 ,23 ,24 ,25 ,26 ,27 ,28 ,29 ,30 ,31 ,32 ,33 ,34 ,35 ,35 ,36 ,37 ,37 ,38 ,39 ,40 ,41 ,42 ,43 ,44 ,45 ,45 ,46 ,47 ,48 ,77 ,77 ,81 ,81 ,81 ,97 ,97 ,99 ,99 ,107 ,107 ,139 ,139 ,143 ,143 ,159 ,159 ,161 ,161 ,169 ,169 ,
48 , 77, 29, 54

0 ,1 ,2 ,3 ,4 ,5 ,6 ,7 ,8 ,9 ,10 ,11 ,12 ,13 ,14 ,15 ,15 ,16 ,17 ,18 ,19 ,19 ,20 ,21 ,22 ,23 ,24 ,25 ,26 ,27 ,28 ,29 ,30 ,31 ,32 ,33 ,34 ,35 ,35 ,36 ,37 ,37 ,38 ,39 ,40 ,41 ,42 ,43 ,44 ,45 ,45 ,46 ,47 ,48 ,49 ,77 ,77 ,81 ,81 ,97 ,97 ,99 ,99 ,107 ,107 ,139 ,139 ,143 ,143 ,159 ,159 ,161 ,161 ,169 ,169 ,
49 , 77, 28, 55

0 ,1 ,2 ,3 ,4 ,5 ,6 ,7 ,8 ,9 ,10 ,11 ,12 ,13 ,14 ,15 ,15 ,16 ,17 ,18 ,19 ,19 ,20 ,21 ,22 ,23 ,24 ,25 ,26 ,27 ,28 ,29 ,30 ,31 ,32 ,33 ,34 ,35 ,35 ,36 ,37 ,37 ,38 ,39 ,40 ,41 ,42 ,43 ,44 ,45 ,45 ,46 ,47 ,48 ,49 ,50 ,77 ,77 ,81 ,81 ,97 ,97 ,99 ,99 ,107 ,107 ,139 ,139 ,143 ,143 ,159 ,159 ,161 ,169 ,169 ,
50 , 77, 27, 56

0 ,1 ,2 ,3 ,4 ,5 ,6 ,7 ,8 ,9 ,10 ,11 ,12 ,13 ,14 ,15 ,15 ,16 ,17 ,18 ,19 ,19 ,20 ,21 ,22 ,23 ,24 ,25 ,26 ,27 ,28 ,29 ,30 ,31 ,32 ,33 ,34 ,35 ,35 ,36 ,37 ,37 ,38 ,39 ,40 ,41 ,42 ,43 ,44 ,45 ,45 ,46 ,47 ,48 ,49 ,50 ,51 ,77 ,77 ,81 ,81 ,97 ,97 ,99 ,99 ,107 ,107 ,139 ,143 ,143 ,159 ,159 ,161 ,169 ,169 ,
51 , 77, 26, 57

0 ,1 ,2 ,3 ,4 ,5 ,6 ,7 ,8 ,9 ,10 ,11 ,12 ,13 ,14 ,15 ,15 ,16 ,17 ,18 ,19 ,19 ,20 ,21 ,22 ,23 ,24 ,25 ,26 ,27 ,28 ,29 ,30 ,31 ,32 ,33 ,34 ,35 ,35 ,36 ,37 ,37 ,38 ,39 ,40 ,41 ,42 ,43 ,44 ,45 ,45 ,46 ,47 ,48 ,49 ,50 ,51 ,52 ,77 ,77 ,81 ,81 ,97 ,97 ,99 ,99 ,107 ,107 ,139 ,143 ,143 ,159 ,161 ,169 ,169 ,
52 , 77, 25, 58

0 ,1 ,2 ,3 ,4 ,5 ,6 ,7 ,8 ,9 ,10 ,11 ,12 ,13 ,14 ,15 ,15 ,16 ,17 ,18 ,19 ,19 ,20 ,21 ,22 ,23 ,24 ,25 ,26 ,27 ,28 ,29 ,30 ,31 ,32 ,33 ,34 ,35 ,35 ,36 ,37 ,37 ,38 ,39 ,40 ,41 ,42 ,43 ,44 ,45 ,45 ,46 ,47 ,48 ,49 ,50 ,51 ,52 ,53 ,77 ,77 ,81 ,81 ,97 ,97 ,99 ,99 ,107 ,139 ,143 ,143 ,159 ,161 ,169 ,169 ,
53 , 77, 24, 59

0 ,1 ,2 ,3 ,4 ,5 ,6 ,7 ,8 ,9 ,10 ,11 ,12 ,13 ,14 ,15 ,15 ,16 ,17 ,18 ,19 ,20 ,21 ,22 ,23 ,24 ,25 ,26 ,27 ,28 ,29 ,30 ,31 ,32 ,33 ,34 ,35 ,35 ,36 ,37 ,37 ,38 ,39 ,40 ,41 ,42 ,43 ,44 ,45 ,45 ,46 ,47 ,48 ,49 ,50 ,51 ,52 ,53 ,54 ,77 ,77 ,81 ,81 ,97 ,97 ,99 ,99 ,107 ,139 ,143 ,143 ,159 ,161 ,169 ,169 ,
54 , 77, 23, 59

0 ,1 ,2 ,3 ,4 ,5 ,6 ,7 ,8 ,9 ,10 ,11 ,12 ,13 ,14 ,15 ,15 ,16 ,17 ,18 ,19 ,20 ,21 ,22 ,23 ,24 ,25 ,26 ,27 ,28 ,29 ,30 ,31 ,32 ,33 ,34 ,35 ,35 ,36 ,37 ,37 ,38 ,39 ,40 ,41 ,42 ,43 ,44 ,45 ,45 ,46 ,47 ,48 ,49 ,50 ,51 ,52 ,53 ,54 ,55 ,77 ,77 ,81 ,81 ,97 ,97 ,99 ,107 ,139 ,143 ,143 ,159 ,161 ,169 ,169 ,
55 , 77, 22, 60

0 ,1 ,2 ,3 ,4 ,5 ,6 ,7 ,8 ,9 ,10 ,11 ,12 ,13 ,14 ,15 ,15 ,16 ,17 ,18 ,19 ,20 ,21 ,22 ,23 ,24 ,25 ,26 ,27 ,28 ,29 ,30 ,31 ,32 ,33 ,34 ,35 ,35 ,36 ,37 ,37 ,38 ,39 ,40 ,41 ,42 ,43 ,44 ,45 ,45 ,46 ,47 ,48 ,49 ,50 ,51 ,52 ,53 ,54 ,55 ,56 ,77 ,81 ,81 ,97 ,97 ,99 ,107 ,139 ,143 ,143 ,159 ,161 ,169 ,169 ,
56 , 77, 21, 61

0 ,1 ,2 ,3 ,4 ,5 ,6 ,7 ,8 ,9 ,10 ,11 ,12 ,13 ,14 ,15 ,15 ,16 ,17 ,18 ,19 ,20 ,21 ,22 ,23 ,24 ,25 ,26 ,27 ,28 ,29 ,30 ,31 ,32 ,33 ,34 ,35 ,35 ,36 ,37 ,37 ,38 ,39 ,40 ,41 ,42 ,43 ,44 ,45 ,45 ,46 ,47 ,48 ,49 ,50 ,51 ,52 ,53 ,54 ,55 ,56 ,57 ,77 ,81 ,81 ,97 ,99 ,107 ,139 ,143 ,143 ,159 ,161 ,169 ,169 ,
57 , 77, 20, 62

0 ,1 ,2 ,3 ,4 ,5 ,6 ,7 ,8 ,9 ,10 ,11 ,12 ,13 ,14 ,15 ,15 ,16 ,17 ,18 ,19 ,20 ,21 ,22 ,23 ,24 ,25 ,26 ,27 ,28 ,29 ,30 ,31 ,32 ,33 ,34 ,35 ,35 ,36 ,37 ,37 ,38 ,39 ,40 ,41 ,42 ,43 ,44 ,45 ,46 ,47 ,48 ,49 ,50 ,51 ,52 ,53 ,54 ,55 ,56 ,57 ,58 ,77 ,81 ,81 ,97 ,99 ,107 ,139 ,143 ,143 ,159 ,161 ,169 ,169 ,
58 , 77, 19, 62

0 ,1 ,2 ,3 ,4 ,5 ,6 ,7 ,8 ,9 ,10 ,11 ,12 ,13 ,14 ,15 ,15 ,16 ,17 ,18 ,19 ,20 ,21 ,22 ,23 ,24 ,25 ,26 ,27 ,28 ,29 ,30 ,31 ,32 ,33 ,34 ,35 ,35 ,36 ,37 ,37 ,38 ,39 ,40 ,41 ,42 ,43 ,44 ,45 ,46 ,47 ,48 ,49 ,50 ,51 ,52 ,53 ,54 ,55 ,56 ,57 ,58 ,59 ,77 ,81 ,81 ,97 ,99 ,107 ,139 ,143 ,159 ,161 ,169 ,169 ,
59 , 77, 18, 63

0 ,1 ,2 ,3 ,4 ,5 ,6 ,7 ,8 ,9 ,10 ,11 ,12 ,13 ,14 ,15 ,15 ,16 ,17 ,18 ,19 ,20 ,21 ,22 ,23 ,24 ,25 ,26 ,27 ,28 ,29 ,30 ,31 ,32 ,33 ,34 ,35 ,35 ,36 ,37 ,38 ,39 ,40 ,41 ,42 ,43 ,44 ,45 ,46 ,47 ,48 ,49 ,50 ,51 ,52 ,53 ,54 ,55 ,56 ,57 ,58 ,59 ,60 ,77 ,81 ,81 ,97 ,99 ,107 ,139 ,143 ,159 ,161 ,169 ,169 ,
60 , 77, 17, 63

0 ,1 ,2 ,3 ,4 ,5 ,6 ,7 ,8 ,9 ,10 ,11 ,12 ,13 ,14 ,15 ,16 ,17 ,18 ,19 ,20 ,21 ,22 ,23 ,24 ,25 ,26 ,27 ,28 ,29 ,30 ,31 ,32 ,33 ,34 ,35 ,35 ,36 ,37 ,38 ,39 ,40 ,41 ,42 ,43 ,44 ,45 ,46 ,47 ,48 ,49 ,50 ,51 ,52 ,53 ,54 ,55 ,56 ,57 ,58 ,59 ,60 ,61 ,77 ,81 ,81 ,97 ,99 ,107 ,139 ,143 ,159 ,161 ,169 ,169 ,
61 , 77, 16, 63

0 ,1 ,2 ,3 ,4 ,5 ,6 ,7 ,8 ,9 ,10 ,11 ,12 ,13 ,14 ,15 ,16 ,17 ,18 ,19 ,20 ,21 ,22 ,23 ,24 ,25 ,26 ,27 ,28 ,29 ,30 ,31 ,32 ,33 ,34 ,35 ,36 ,37 ,38 ,39 ,40 ,41 ,42 ,43 ,44 ,45 ,46 ,47 ,48 ,49 ,50 ,51 ,52 ,53 ,54 ,55 ,56 ,57 ,58 ,59 ,60 ,61 ,62 ,77 ,81 ,81 ,97 ,99 ,107 ,139 ,143 ,159 ,161 ,169 ,169 ,
62 , 77, 15, 63

0 ,1 ,2 ,3 ,4 ,5 ,6 ,7 ,8 ,9 ,10 ,11 ,12 ,13 ,14 ,15 ,16 ,17 ,18 ,19 ,20 ,21 ,22 ,23 ,24 ,25 ,26 ,27 ,28 ,29 ,30 ,31 ,32 ,33 ,34 ,35 ,36 ,37 ,38 ,39 ,40 ,41 ,42 ,43 ,44 ,45 ,46 ,47 ,48 ,49 ,50 ,51 ,52 ,53 ,54 ,55 ,56 ,57 ,58 ,59 ,60 ,61 ,62 ,63 ,77 ,81 ,81 ,97 ,99 ,107 ,139 ,143 ,159 ,161 ,169 ,
63 , 77, 14, 64

0 ,1 ,2 ,3 ,4 ,5 ,6 ,7 ,8 ,9 ,10 ,11 ,12 ,13 ,14 ,15 ,16 ,17 ,18 ,19 ,20 ,21 ,22 ,23 ,24 ,25 ,26 ,27 ,28 ,29 ,30 ,31 ,32 ,33 ,34 ,35 ,36 ,37 ,38 ,39 ,40 ,41 ,42 ,43 ,44 ,45 ,46 ,47 ,48 ,49 ,50 ,51 ,52 ,53 ,54 ,55 ,56 ,57 ,58 ,59 ,60 ,61 ,62 ,63 ,64 ,77 ,81 ,97 ,99 ,107 ,139 ,143 ,159 ,161 ,169 ,
64 , 77, 13, 65

0 ,1 ,2 ,3 ,4 ,5 ,6 ,7 ,8 ,9 ,10 ,11 ,12 ,13 ,14 ,15 ,16 ,17 ,18 ,19 ,20 ,21 ,22 ,23 ,24 ,25 ,26 ,27 ,28 ,29 ,30 ,31 ,32 ,33 ,34 ,35 ,36 ,37 ,38 ,39 ,40 ,41 ,42 ,43 ,44 ,45 ,46 ,47 ,48 ,49 ,50 ,51 ,52 ,53 ,54 ,55 ,56 ,57 ,58 ,59 ,60 ,61 ,62 ,63 ,64 ,65 ,77 ,81 ,97 ,99 ,107 ,139 ,143 ,159 ,169 ,
65 , 77, 12, 66

0 ,1 ,2 ,3 ,4 ,5 ,6 ,7 ,8 ,9 ,10 ,11 ,12 ,13 ,14 ,15 ,16 ,17 ,18 ,19 ,20 ,21 ,22 ,23 ,24 ,25 ,26 ,27 ,28 ,29 ,30 ,31 ,32 ,33 ,34 ,35 ,36 ,37 ,38 ,39 ,40 ,41 ,42 ,43 ,44 ,45 ,46 ,47 ,48 ,49 ,50 ,51 ,52 ,53 ,54 ,55 ,56 ,57 ,58 ,59 ,60 ,61 ,62 ,63 ,64 ,65 ,66 ,77 ,81 ,97 ,99 ,107 ,143 ,159 ,169 ,
66 , 77, 11, 67

0 ,1 ,2 ,3 ,4 ,5 ,6 ,7 ,8 ,9 ,10 ,11 ,12 ,13 ,14 ,15 ,16 ,17 ,18 ,19 ,20 ,21 ,22 ,23 ,24 ,25 ,26 ,27 ,28 ,29 ,30 ,31 ,32 ,33 ,34 ,35 ,36 ,37 ,38 ,39 ,40 ,41 ,42 ,43 ,44 ,45 ,46 ,47 ,48 ,49 ,50 ,51 ,52 ,53 ,54 ,55 ,56 ,57 ,58 ,59 ,60 ,61 ,62 ,63 ,64 ,65 ,66 ,67 ,77 ,81 ,97 ,99 ,107 ,143 ,169 ,
67 , 77, 10, 68

0 ,1 ,2 ,3 ,4 ,5 ,6 ,7 ,8 ,9 ,10 ,11 ,12 ,13 ,14 ,15 ,16 ,17 ,18 ,19 ,20 ,21 ,22 ,23 ,24 ,25 ,26 ,27 ,28 ,29 ,30 ,31 ,32 ,33 ,34 ,35 ,36 ,37 ,38 ,39 ,40 ,41 ,42 ,43 ,44 ,45 ,46 ,47 ,48 ,49 ,50 ,51 ,52 ,53 ,54 ,55 ,56 ,57 ,58 ,59 ,60 ,61 ,62 ,63 ,64 ,65 ,66 ,67 ,68 ,77 ,81 ,97 ,99 ,143 ,169 ,
68 , 77, 9, 69

0 ,1 ,2 ,3 ,4 ,5 ,6 ,7 ,8 ,9 ,10 ,11 ,12 ,13 ,14 ,15 ,16 ,17 ,18 ,20 ,21 ,22 ,23 ,24 ,25 ,26 ,27 ,28 ,29 ,30 ,31 ,32 ,33 ,34 ,35 ,36 ,37 ,38 ,39 ,40 ,41 ,42 ,43 ,44 ,45 ,46 ,47 ,48 ,49 ,50 ,51 ,52 ,53 ,54 ,55 ,56 ,57 ,58 ,59 ,60 ,61 ,62 ,63 ,64 ,65 ,66 ,67 ,68 ,69 ,77 ,81 ,97 ,99 ,143 ,169 ,
18 , 20, 2, 19

0 ,1 ,2 ,3 ,4 ,5 ,6 ,7 ,8 ,9 ,10 ,11 ,12 ,13 ,14 ,15 ,16 ,17 ,18 ,19 ,20 ,21 ,22 ,23 ,24 ,25 ,26 ,27 ,28 ,29 ,30 ,31 ,32 ,33 ,34 ,35 ,36 ,37 ,38 ,39 ,40 ,41 ,42 ,43 ,44 ,45 ,46 ,47 ,48 ,49 ,50 ,51 ,52 ,53 ,54 ,55 ,56 ,57 ,58 ,59 ,60 ,61 ,62 ,63 ,64 ,65 ,66 ,67 ,68 ,69 ,77 ,81 ,97 ,143 ,169 ,
69 , 77, 8, 70

0 ,1 ,2 ,3 ,4 ,5 ,6 ,7 ,8 ,9 ,10 ,11 ,12 ,13 ,14 ,15 ,16 ,17 ,18 ,19 ,20 ,21 ,22 ,23 ,24 ,25 ,26 ,27 ,28 ,29 ,30 ,31 ,32 ,33 ,34 ,35 ,36 ,37 ,38 ,39 ,40 ,41 ,42 ,43 ,44 ,45 ,46 ,47 ,48 ,49 ,50 ,51 ,52 ,53 ,54 ,55 ,56 ,57 ,58 ,59 ,60 ,61 ,62 ,63 ,64 ,65 ,66 ,67 ,68 ,69 ,70 ,81 ,97 ,143 ,169 ,
70 , 81, 11, 71

0 ,1 ,2 ,3 ,4 ,5 ,6 ,7 ,8 ,9 ,10 ,11 ,12 ,13 ,14 ,15 ,16 ,17 ,18 ,19 ,20 ,21 ,22 ,23 ,24 ,25 ,26 ,27 ,28 ,29 ,30 ,31 ,32 ,33 ,34 ,35 ,36 ,37 ,38 ,39 ,40 ,41 ,42 ,43 ,44 ,45 ,46 ,47 ,48 ,49 ,50 ,51 ,52 ,53 ,54 ,55 ,56 ,57 ,58 ,59 ,60 ,61 ,62 ,63 ,64 ,65 ,66 ,67 ,68 ,69 ,70 ,71 ,81 ,143 ,169 ,
71 , 81, 10, 72

0 ,1 ,2 ,3 ,4 ,5 ,6 ,7 ,8 ,9 ,10 ,11 ,12 ,13 ,14 ,15 ,16 ,17 ,18 ,19 ,20 ,21 ,22 ,23 ,24 ,25 ,26 ,27 ,28 ,29 ,30 ,31 ,32 ,33 ,34 ,35 ,36 ,37 ,38 ,39 ,40 ,41 ,42 ,43 ,44 ,46 ,47 ,48 ,49 ,50 ,51 ,52 ,53 ,54 ,55 ,56 ,57 ,58 ,59 ,60 ,61 ,62 ,63 ,64 ,65 ,66 ,67 ,68 ,69 ,70 ,71 ,72 ,81 ,143 ,169 ,
44 , 46, 2, 45

0 ,1 ,2 ,3 ,4 ,5 ,6 ,7 ,8 ,9 ,10 ,11 ,12 ,13 ,14 ,15 ,16 ,17 ,18 ,19 ,20 ,21 ,22 ,23 ,24 ,25 ,26 ,27 ,28 ,29 ,30 ,31 ,32 ,33 ,34 ,35 ,36 ,37 ,38 ,39 ,40 ,41 ,42 ,43 ,44 ,45 ,46 ,47 ,48 ,49 ,50 ,51 ,52 ,53 ,54 ,55 ,56 ,57 ,58 ,59 ,60 ,61 ,62 ,63 ,64 ,65 ,66 ,67 ,68 ,69 ,70 ,71 ,72 ,81 ,169 ,
72 , 81, 9, 73

0 ,1 ,2 ,3 ,4 ,5 ,6 ,7 ,8 ,9 ,10 ,11 ,12 ,13 ,14 ,15 ,16 ,17 ,18 ,19 ,20 ,21 ,22 ,23 ,24 ,25 ,26 ,27 ,28 ,29 ,30 ,31 ,32 ,33 ,34 ,35 ,36 ,38 ,39 ,40 ,41 ,42 ,43 ,44 ,45 ,46 ,47 ,48 ,49 ,50 ,51 ,52 ,53 ,54 ,55 ,56 ,57 ,58 ,59 ,60 ,61 ,62 ,63 ,64 ,65 ,66 ,67 ,68 ,69 ,70 ,71 ,72 ,73 ,81 ,169 ,
36 , 38, 2, 37

0 ,1 ,2 ,3 ,4 ,5 ,6 ,7 ,8 ,9 ,10 ,11 ,12 ,13 ,14 ,16 ,17 ,18 ,19 ,20 ,21 ,22 ,23 ,24 ,25 ,26 ,27 ,28 ,29 ,30 ,31 ,32 ,33 ,34 ,35 ,36 ,37 ,38 ,39 ,40 ,41 ,42 ,43 ,44 ,45 ,46 ,47 ,48 ,49 ,50 ,51 ,52 ,53 ,54 ,55 ,56 ,57 ,58 ,59 ,60 ,61 ,62 ,63 ,64 ,65 ,66 ,67 ,68 ,69 ,70 ,71 ,72 ,73 ,81 ,169 ,
14 , 16, 2, 15

0 ,1 ,2 ,3 ,4 ,5 ,6 ,7 ,8 ,9 ,10 ,11 ,12 ,13 ,14 ,15 ,16 ,17 ,18 ,19 ,20 ,21 ,22 ,23 ,24 ,25 ,26 ,27 ,28 ,29 ,30 ,31 ,32 ,33 ,34 ,36 ,37 ,38 ,39 ,40 ,41 ,42 ,43 ,44 ,45 ,46 ,47 ,48 ,49 ,50 ,51 ,52 ,53 ,54 ,55 ,56 ,57 ,58 ,59 ,60 ,61 ,62 ,63 ,64 ,65 ,66 ,67 ,68 ,69 ,70 ,71 ,72 ,73 ,81 ,169 ,
34 , 36, 2, 35

0 ,1 ,2 ,3 ,4 ,5 ,6 ,7 ,8 ,9 ,10 ,11 ,12 ,13 ,14 ,15 ,16 ,17 ,18 ,19 ,20 ,21 ,22 ,23 ,24 ,25 ,26 ,27 ,28 ,29 ,30 ,31 ,32 ,33 ,34 ,35 ,36 ,37 ,38 ,39 ,40 ,41 ,42 ,43 ,44 ,45 ,46 ,47 ,48 ,49 ,50 ,51 ,52 ,53 ,54 ,55 ,56 ,57 ,58 ,59 ,60 ,61 ,62 ,63 ,64 ,65 ,66 ,67 ,68 ,69 ,70 ,71 ,72 ,73 ,81 ,
73 , 81, 8, 74

0 ,1 ,2 ,3 ,4 ,5 ,6 ,7 ,8 ,9 ,10 ,11 ,12 ,13 ,14 ,15 ,16 ,17 ,18 ,19 ,20 ,21 ,22 ,23 ,24 ,25 ,26 ,27 ,28 ,29 ,30 ,31 ,32 ,33 ,34 ,35 ,36 ,37 ,38 ,39 ,40 ,41 ,42 ,43 ,44 ,45 ,46 ,47 ,48 ,49 ,50 ,51 ,52 ,53 ,54 ,55 ,56 ,57 ,58 ,59 ,60 ,61 ,62 ,63 ,64 ,65 ,66 ,67 ,68 ,69 ,70 ,71 ,72 ,73 ,74 ,
74 , , -74, 75

1 ,2 ,3 ,4 ,5 ,6 ,7 ,8 ,9 ,10 ,11 ,12 ,13 ,14 ,15 ,16 ,17 ,18 ,19 ,20 ,21 ,22 ,23 ,24 ,25 ,26 ,27 ,28 ,29 ,30 ,31 ,32 ,33 ,34 ,35 ,36 ,37 ,38 ,39 ,40 ,41 ,42 ,43 ,44 ,45 ,46 ,47 ,48 ,49 ,50 ,51 ,52 ,53 ,54 ,55 ,56 ,57 ,58 ,59 ,60 ,61 ,62 ,63 ,64 ,65 ,66 ,67 ,68 ,69 ,70 ,71 ,72 ,73 ,74 ,75 ,
75 , , -75, 75

0 ,2 ,3 ,4 ,5 ,6 ,7 ,8 ,9 ,10 ,11 ,12 ,13 ,14 ,15 ,16 ,17 ,18 ,19 ,20 ,21 ,22 ,23 ,24 ,25 ,26 ,27 ,28 ,29 ,30 ,31 ,32 ,33 ,34 ,35 ,36 ,37 ,38 ,39 ,40 ,41 ,42 ,43 ,44 ,45 ,46 ,47 ,48 ,49 ,50 ,51 ,52 ,53 ,54 ,55 ,56 ,57 ,58 ,59 ,60 ,61 ,62 ,63 ,64 ,65 ,66 ,67 ,68 ,69 ,70 ,71 ,72 ,73 ,74 ,75 ,
0 , 2, 2, 1

0 ,1 ,3 ,4 ,5 ,6 ,7 ,8 ,9 ,10 ,11 ,12 ,13 ,14 ,15 ,16 ,17 ,18 ,19 ,20 ,21 ,22 ,23 ,24 ,25 ,26 ,27 ,28 ,29 ,30 ,31 ,32 ,33 ,34 ,35 ,36 ,37 ,38 ,39 ,40 ,41 ,42 ,43 ,44 ,45 ,46 ,47 ,48 ,49 ,50 ,51 ,52 ,53 ,54 ,55 ,56 ,57 ,58 ,59 ,60 ,61 ,62 ,63 ,64 ,65 ,66 ,67 ,68 ,69 ,70 ,71 ,72 ,73 ,74 ,75 ,
1 , 3, 2, 2

0 ,1 ,2 ,4 ,5 ,6 ,7 ,8 ,9 ,10 ,11 ,12 ,13 ,14 ,15 ,16 ,17 ,18 ,19 ,20 ,21 ,22 ,23 ,24 ,25 ,26 ,27 ,28 ,29 ,30 ,31 ,32 ,33 ,34 ,35 ,36 ,37 ,38 ,39 ,40 ,41 ,42 ,43 ,44 ,45 ,46 ,47 ,48 ,49 ,50 ,51 ,52 ,53 ,54 ,55 ,56 ,57 ,58 ,59 ,60 ,61 ,62 ,63 ,64 ,65 ,66 ,67 ,68 ,69 ,70 ,71 ,72 ,73 ,74 ,75 ,
2 , 4, 2, 3

0 ,1 ,2 ,3 ,5 ,6 ,7 ,8 ,9 ,10 ,11 ,12 ,13 ,14 ,15 ,16 ,17 ,18 ,19 ,20 ,21 ,22 ,23 ,24 ,25 ,26 ,27 ,28 ,29 ,30 ,31 ,32 ,33 ,34 ,35 ,36 ,37 ,38 ,39 ,40 ,41 ,42 ,43 ,44 ,45 ,46 ,47 ,48 ,49 ,50 ,51 ,52 ,53 ,54 ,55 ,56 ,57 ,58 ,59 ,60 ,61 ,62 ,63 ,64 ,65 ,66 ,67 ,68 ,69 ,70 ,71 ,72 ,73 ,74 ,75 ,
3 , 5, 2, 4

0 ,1 ,2 ,3 ,4 ,6 ,7 ,8 ,9 ,10 ,11 ,12 ,13 ,14 ,15 ,16 ,17 ,18 ,19 ,20 ,21 ,22 ,23 ,24 ,25 ,26 ,27 ,28 ,29 ,30 ,31 ,32 ,33 ,34 ,35 ,36 ,37 ,38 ,39 ,40 ,41 ,42 ,43 ,44 ,45 ,46 ,47 ,48 ,49 ,50 ,51 ,52 ,53 ,54 ,55 ,56 ,57 ,58 ,59 ,60 ,61 ,62 ,63 ,64 ,65 ,66 ,67 ,68 ,69 ,70 ,71 ,72 ,73 ,74 ,75 ,
4 , 6, 2, 5

0 ,1 ,2 ,3 ,4 ,5 ,7 ,8 ,9 ,10 ,11 ,12 ,13 ,14 ,15 ,16 ,17 ,18 ,19 ,20 ,21 ,22 ,23 ,24 ,25 ,26 ,27 ,28 ,29 ,30 ,31 ,32 ,33 ,34 ,35 ,36 ,37 ,38 ,39 ,40 ,41 ,42 ,43 ,44 ,45 ,46 ,47 ,48 ,49 ,50 ,51 ,52 ,53 ,54 ,55 ,56 ,57 ,58 ,59 ,60 ,61 ,62 ,63 ,64 ,65 ,66 ,67 ,68 ,69 ,70 ,71 ,72 ,73 ,74 ,75 ,
5 , 7, 2, 6

0 ,1 ,2 ,3 ,4 ,5 ,6 ,8 ,9 ,10 ,11 ,12 ,13 ,14 ,15 ,16 ,17 ,18 ,19 ,20 ,21 ,22 ,23 ,24 ,25 ,26 ,27 ,28 ,29 ,30 ,31 ,32 ,33 ,34 ,35 ,36 ,37 ,38 ,39 ,40 ,41 ,42 ,43 ,44 ,45 ,46 ,47 ,48 ,49 ,50 ,51 ,52 ,53 ,54 ,55 ,56 ,57 ,58 ,59 ,60 ,61 ,62 ,63 ,64 ,65 ,66 ,67 ,68 ,69 ,70 ,71 ,72 ,73 ,74 ,75 ,
6 , 8, 2, 7

0 ,1 ,2 ,3 ,4 ,5 ,6 ,7 ,9 ,10 ,11 ,12 ,13 ,14 ,15 ,16 ,17 ,18 ,19 ,20 ,21 ,22 ,23 ,24 ,25 ,26 ,27 ,28 ,29 ,30 ,31 ,32 ,33 ,34 ,35 ,36 ,37 ,38 ,39 ,40 ,41 ,42 ,43 ,44 ,45 ,46 ,47 ,48 ,49 ,50 ,51 ,52 ,53 ,54 ,55 ,56 ,57 ,58 ,59 ,60 ,61 ,62 ,63 ,64 ,65 ,66 ,67 ,68 ,69 ,70 ,71 ,72 ,73 ,74 ,75 ,
7 , 9, 2, 8

0 ,1 ,2 ,3 ,4 ,5 ,6 ,7 ,8 ,10 ,11 ,12 ,13 ,14 ,15 ,16 ,17 ,18 ,19 ,20 ,21 ,22 ,23 ,24 ,25 ,26 ,27 ,28 ,29 ,30 ,31 ,32 ,33 ,34 ,35 ,36 ,37 ,38 ,39 ,40 ,41 ,42 ,43 ,44 ,45 ,46 ,47 ,48 ,49 ,50 ,51 ,52 ,53 ,54 ,55 ,56 ,57 ,58 ,59 ,60 ,61 ,62 ,63 ,64 ,65 ,66 ,67 ,68 ,69 ,70 ,71 ,72 ,73 ,74 ,75 ,
8 , 10, 2, 9

0 ,1 ,2 ,3 ,4 ,5 ,6 ,7 ,8 ,9 ,11 ,12 ,13 ,14 ,15 ,16 ,17 ,18 ,19 ,20 ,21 ,22 ,23 ,24 ,25 ,26 ,27 ,28 ,29 ,30 ,31 ,32 ,33 ,34 ,35 ,36 ,37 ,38 ,39 ,40 ,41 ,42 ,43 ,44 ,45 ,46 ,47 ,48 ,49 ,50 ,51 ,52 ,53 ,54 ,55 ,56 ,57 ,58 ,59 ,60 ,61 ,62 ,63 ,64 ,65 ,66 ,67 ,68 ,69 ,70 ,71 ,72 ,73 ,74 ,75 ,
9 , 11, 2, 10

0 ,1 ,2 ,3 ,4 ,5 ,6 ,7 ,8 ,9 ,10 ,12 ,13 ,14 ,15 ,16 ,17 ,18 ,19 ,20 ,21 ,22 ,23 ,24 ,25 ,26 ,27 ,28 ,29 ,30 ,31 ,32 ,33 ,34 ,35 ,36 ,37 ,38 ,39 ,40 ,41 ,42 ,43 ,44 ,45 ,46 ,47 ,48 ,49 ,50 ,51 ,52 ,53 ,54 ,55 ,56 ,57 ,58 ,59 ,60 ,61 ,62 ,63 ,64 ,65 ,66 ,67 ,68 ,69 ,70 ,71 ,72 ,73 ,74 ,75 ,
10 , 12, 2, 11

0 ,1 ,2 ,3 ,4 ,5 ,6 ,7 ,8 ,9 ,10 ,11 ,13 ,14 ,15 ,16 ,17 ,18 ,19 ,20 ,21 ,22 ,23 ,24 ,25 ,26 ,27 ,28 ,29 ,30 ,31 ,32 ,33 ,34 ,35 ,36 ,37 ,38 ,39 ,40 ,41 ,42 ,43 ,44 ,45 ,46 ,47 ,48 ,49 ,50 ,51 ,52 ,53 ,54 ,55 ,56 ,57 ,58 ,59 ,60 ,61 ,62 ,63 ,64 ,65 ,66 ,67 ,68 ,69 ,70 ,71 ,72 ,73 ,74 ,75 ,
11 , 13, 2, 12

0 ,1 ,2 ,3 ,4 ,5 ,6 ,7 ,8 ,9 ,10 ,11 ,12 ,14 ,15 ,16 ,17 ,18 ,19 ,20 ,21 ,22 ,23 ,24 ,25 ,26 ,27 ,28 ,29 ,30 ,31 ,32 ,33 ,34 ,35 ,36 ,37 ,38 ,39 ,40 ,41 ,42 ,43 ,44 ,45 ,46 ,47 ,48 ,49 ,50 ,51 ,52 ,53 ,54 ,55 ,56 ,57 ,58 ,59 ,60 ,61 ,62 ,63 ,64 ,65 ,66 ,67 ,68 ,69 ,70 ,71 ,72 ,73 ,74 ,75 ,
12 , 14, 2, 13

0 ,1 ,2 ,3 ,4 ,5 ,6 ,7 ,8 ,9 ,10 ,11 ,12 ,13 ,15 ,16 ,17 ,18 ,19 ,20 ,21 ,22 ,23 ,24 ,25 ,26 ,27 ,28 ,29 ,30 ,31 ,32 ,33 ,34 ,35 ,36 ,37 ,38 ,39 ,40 ,41 ,42 ,43 ,44 ,45 ,46 ,47 ,48 ,49 ,50 ,51 ,52 ,53 ,54 ,55 ,56 ,57 ,58 ,59 ,60 ,61 ,62 ,63 ,64 ,65 ,66 ,67 ,68 ,69 ,70 ,71 ,72 ,73 ,74 ,75 ,
13 , 15, 2, 14

0 ,1 ,2 ,3 ,4 ,5 ,6 ,7 ,8 ,9 ,10 ,11 ,12 ,13 ,14 ,15 ,17 ,18 ,19 ,20 ,21 ,22 ,23 ,24 ,25 ,26 ,27 ,28 ,29 ,30 ,31 ,32 ,33 ,34 ,35 ,36 ,37 ,38 ,39 ,40 ,41 ,42 ,43 ,44 ,45 ,46 ,47 ,48 ,49 ,50 ,51 ,52 ,53 ,54 ,55 ,56 ,57 ,58 ,59 ,60 ,61 ,62 ,63 ,64 ,65 ,66 ,67 ,68 ,69 ,70 ,71 ,72 ,73 ,74 ,75 ,
15 , 17, 2, 16

0 ,1 ,2 ,3 ,4 ,5 ,6 ,7 ,8 ,9 ,10 ,11 ,12 ,13 ,14 ,15 ,16 ,18 ,19 ,20 ,21 ,22 ,23 ,24 ,25 ,26 ,27 ,28 ,29 ,30 ,31 ,32 ,33 ,34 ,35 ,36 ,37 ,38 ,39 ,40 ,41 ,42 ,43 ,44 ,45 ,46 ,47 ,48 ,49 ,50 ,51 ,52 ,53 ,54 ,55 ,56 ,57 ,58 ,59 ,60 ,61 ,62 ,63 ,64 ,65 ,66 ,67 ,68 ,69 ,70 ,71 ,72 ,73 ,74 ,75 ,
16 , 18, 2, 17

0 ,1 ,2 ,3 ,4 ,5 ,6 ,7 ,8 ,9 ,10 ,11 ,12 ,13 ,14 ,15 ,16 ,17 ,19 ,20 ,21 ,22 ,23 ,24 ,25 ,26 ,27 ,28 ,29 ,30 ,31 ,32 ,33 ,34 ,35 ,36 ,37 ,38 ,39 ,40 ,41 ,42 ,43 ,44 ,45 ,46 ,47 ,48 ,49 ,50 ,51 ,52 ,53 ,54 ,55 ,56 ,57 ,58 ,59 ,60 ,61 ,62 ,63 ,64 ,65 ,66 ,67 ,68 ,69 ,70 ,71 ,72 ,73 ,74 ,75 ,
17 , 19, 2, 18

0 ,1 ,2 ,3 ,4 ,5 ,6 ,7 ,8 ,9 ,10 ,11 ,12 ,13 ,14 ,15 ,16 ,17 ,18 ,19 ,21 ,22 ,23 ,24 ,25 ,26 ,27 ,28 ,29 ,30 ,31 ,32 ,33 ,34 ,35 ,36 ,37 ,38 ,39 ,40 ,41 ,42 ,43 ,44 ,45 ,46 ,47 ,48 ,49 ,50 ,51 ,52 ,53 ,54 ,55 ,56 ,57 ,58 ,59 ,60 ,61 ,62 ,63 ,64 ,65 ,66 ,67 ,68 ,69 ,70 ,71 ,72 ,73 ,74 ,75 ,
19 , 21, 2, 20

0 ,1 ,2 ,3 ,4 ,5 ,6 ,7 ,8 ,9 ,10 ,11 ,12 ,13 ,14 ,15 ,16 ,17 ,18 ,19 ,20 ,22 ,23 ,24 ,25 ,26 ,27 ,28 ,29 ,30 ,31 ,32 ,33 ,34 ,35 ,36 ,37 ,38 ,39 ,40 ,41 ,42 ,43 ,44 ,45 ,46 ,47 ,48 ,49 ,50 ,51 ,52 ,53 ,54 ,55 ,56 ,57 ,58 ,59 ,60 ,61 ,62 ,63 ,64 ,65 ,66 ,67 ,68 ,69 ,70 ,71 ,72 ,73 ,74 ,75 ,
20 , 22, 2, 21

0 ,1 ,2 ,3 ,4 ,5 ,6 ,7 ,8 ,9 ,10 ,11 ,12 ,13 ,14 ,15 ,16 ,17 ,18 ,19 ,20 ,21 ,23 ,24 ,25 ,26 ,27 ,28 ,29 ,30 ,31 ,32 ,33 ,34 ,35 ,36 ,37 ,38 ,39 ,40 ,41 ,42 ,43 ,44 ,45 ,46 ,47 ,48 ,49 ,50 ,51 ,52 ,53 ,54 ,55 ,56 ,57 ,58 ,59 ,60 ,61 ,62 ,63 ,64 ,65 ,66 ,67 ,68 ,69 ,70 ,71 ,72 ,73 ,74 ,75 ,
21 , 23, 2, 22

0 ,1 ,2 ,3 ,4 ,5 ,6 ,7 ,8 ,9 ,10 ,11 ,12 ,13 ,14 ,15 ,16 ,17 ,18 ,19 ,20 ,21 ,22 ,24 ,25 ,26 ,27 ,28 ,29 ,30 ,31 ,32 ,33 ,34 ,35 ,36 ,37 ,38 ,39 ,40 ,41 ,42 ,43 ,44 ,45 ,46 ,47 ,48 ,49 ,50 ,51 ,52 ,53 ,54 ,55 ,56 ,57 ,58 ,59 ,60 ,61 ,62 ,63 ,64 ,65 ,66 ,67 ,68 ,69 ,70 ,71 ,72 ,73 ,74 ,75 ,
22 , 24, 2, 23

0 ,1 ,2 ,3 ,4 ,5 ,6 ,7 ,8 ,9 ,10 ,11 ,12 ,13 ,14 ,15 ,16 ,17 ,18 ,19 ,20 ,21 ,22 ,23 ,25 ,26 ,27 ,28 ,29 ,30 ,31 ,32 ,33 ,34 ,35 ,36 ,37 ,38 ,39 ,40 ,41 ,42 ,43 ,44 ,45 ,46 ,47 ,48 ,49 ,50 ,51 ,52 ,53 ,54 ,55 ,56 ,57 ,58 ,59 ,60 ,61 ,62 ,63 ,64 ,65 ,66 ,67 ,68 ,69 ,70 ,71 ,72 ,73 ,74 ,75 ,
23 , 25, 2, 24

0 ,1 ,2 ,3 ,4 ,5 ,6 ,7 ,8 ,9 ,10 ,11 ,12 ,13 ,14 ,15 ,16 ,17 ,18 ,19 ,20 ,21 ,22 ,23 ,24 ,26 ,27 ,28 ,29 ,30 ,31 ,32 ,33 ,34 ,35 ,36 ,37 ,38 ,39 ,40 ,41 ,42 ,43 ,44 ,45 ,46 ,47 ,48 ,49 ,50 ,51 ,52 ,53 ,54 ,55 ,56 ,57 ,58 ,59 ,60 ,61 ,62 ,63 ,64 ,65 ,66 ,67 ,68 ,69 ,70 ,71 ,72 ,73 ,74 ,75 ,
24 , 26, 2, 25

0 ,1 ,2 ,3 ,4 ,5 ,6 ,7 ,8 ,9 ,10 ,11 ,12 ,13 ,14 ,15 ,16 ,17 ,18 ,19 ,20 ,21 ,22 ,23 ,24 ,25 ,27 ,28 ,29 ,30 ,31 ,32 ,33 ,34 ,35 ,36 ,37 ,38 ,39 ,40 ,41 ,42 ,43 ,44 ,45 ,46 ,47 ,48 ,49 ,50 ,51 ,52 ,53 ,54 ,55 ,56 ,57 ,58 ,59 ,60 ,61 ,62 ,63 ,64 ,65 ,66 ,67 ,68 ,69 ,70 ,71 ,72 ,73 ,74 ,75 ,
25 , 27, 2, 26

0 ,1 ,2 ,3 ,4 ,5 ,6 ,7 ,8 ,9 ,10 ,11 ,12 ,13 ,14 ,15 ,16 ,17 ,18 ,19 ,20 ,21 ,22 ,23 ,24 ,25 ,26 ,28 ,29 ,30 ,31 ,32 ,33 ,34 ,35 ,36 ,37 ,38 ,39 ,40 ,41 ,42 ,43 ,44 ,45 ,46 ,47 ,48 ,49 ,50 ,51 ,52 ,53 ,54 ,55 ,56 ,57 ,58 ,59 ,60 ,61 ,62 ,63 ,64 ,65 ,66 ,67 ,68 ,69 ,70 ,71 ,72 ,73 ,74 ,75 ,
26 , 28, 2, 27

0 ,1 ,2 ,3 ,4 ,5 ,6 ,7 ,8 ,9 ,10 ,11 ,12 ,13 ,14 ,15 ,16 ,17 ,18 ,19 ,20 ,21 ,22 ,23 ,24 ,25 ,26 ,27 ,29 ,30 ,31 ,32 ,33 ,34 ,35 ,36 ,37 ,38 ,39 ,40 ,41 ,42 ,43 ,44 ,45 ,46 ,47 ,48 ,49 ,50 ,51 ,52 ,53 ,54 ,55 ,56 ,57 ,58 ,59 ,60 ,61 ,62 ,63 ,64 ,65 ,66 ,67 ,68 ,69 ,70 ,71 ,72 ,73 ,74 ,75 ,
27 , 29, 2, 28

0 ,1 ,2 ,3 ,4 ,5 ,6 ,7 ,8 ,9 ,10 ,11 ,12 ,13 ,14 ,15 ,16 ,17 ,18 ,19 ,20 ,21 ,22 ,23 ,24 ,25 ,26 ,27 ,28 ,30 ,31 ,32 ,33 ,34 ,35 ,36 ,37 ,38 ,39 ,40 ,41 ,42 ,43 ,44 ,45 ,46 ,47 ,48 ,49 ,50 ,51 ,52 ,53 ,54 ,55 ,56 ,57 ,58 ,59 ,60 ,61 ,62 ,63 ,64 ,65 ,66 ,67 ,68 ,69 ,70 ,71 ,72 ,73 ,74 ,75 ,
28 , 30, 2, 29

0 ,1 ,2 ,3 ,4 ,5 ,6 ,7 ,8 ,9 ,10 ,11 ,12 ,13 ,14 ,15 ,16 ,17 ,18 ,19 ,20 ,21 ,22 ,23 ,24 ,25 ,26 ,27 ,28 ,29 ,31 ,32 ,33 ,34 ,35 ,36 ,37 ,38 ,39 ,40 ,41 ,42 ,43 ,44 ,45 ,46 ,47 ,48 ,49 ,50 ,51 ,52 ,53 ,54 ,55 ,56 ,57 ,58 ,59 ,60 ,61 ,62 ,63 ,64 ,65 ,66 ,67 ,68 ,69 ,70 ,71 ,72 ,73 ,74 ,75 ,
29 , 31, 2, 30

0 ,1 ,2 ,3 ,4 ,5 ,6 ,7 ,8 ,9 ,10 ,11 ,12 ,13 ,14 ,15 ,16 ,17 ,18 ,19 ,20 ,21 ,22 ,23 ,24 ,25 ,26 ,27 ,28 ,29 ,30 ,32 ,33 ,34 ,35 ,36 ,37 ,38 ,39 ,40 ,41 ,42 ,43 ,44 ,45 ,46 ,47 ,48 ,49 ,50 ,51 ,52 ,53 ,54 ,55 ,56 ,57 ,58 ,59 ,60 ,61 ,62 ,63 ,64 ,65 ,66 ,67 ,68 ,69 ,70 ,71 ,72 ,73 ,74 ,75 ,
30 , 32, 2, 31

0 ,1 ,2 ,3 ,4 ,5 ,6 ,7 ,8 ,9 ,10 ,11 ,12 ,13 ,14 ,15 ,16 ,17 ,18 ,19 ,20 ,21 ,22 ,23 ,24 ,25 ,26 ,27 ,28 ,29 ,30 ,31 ,33 ,34 ,35 ,36 ,37 ,38 ,39 ,40 ,41 ,42 ,43 ,44 ,45 ,46 ,47 ,48 ,49 ,50 ,51 ,52 ,53 ,54 ,55 ,56 ,57 ,58 ,59 ,60 ,61 ,62 ,63 ,64 ,65 ,66 ,67 ,68 ,69 ,70 ,71 ,72 ,73 ,74 ,75 ,
31 , 33, 2, 32

0 ,1 ,2 ,3 ,4 ,5 ,6 ,7 ,8 ,9 ,10 ,11 ,12 ,13 ,14 ,15 ,16 ,17 ,18 ,19 ,20 ,21 ,22 ,23 ,24 ,25 ,26 ,27 ,28 ,29 ,30 ,31 ,32 ,34 ,35 ,36 ,37 ,38 ,39 ,40 ,41 ,42 ,43 ,44 ,45 ,46 ,47 ,48 ,49 ,50 ,51 ,52 ,53 ,54 ,55 ,56 ,57 ,58 ,59 ,60 ,61 ,62 ,63 ,64 ,65 ,66 ,67 ,68 ,69 ,70 ,71 ,72 ,73 ,74 ,75 ,
32 , 34, 2, 33

0 ,1 ,2 ,3 ,4 ,5 ,6 ,7 ,8 ,9 ,10 ,11 ,12 ,13 ,14 ,15 ,16 ,17 ,18 ,19 ,20 ,21 ,22 ,23 ,24 ,25 ,26 ,27 ,28 ,29 ,30 ,31 ,32 ,33 ,35 ,36 ,37 ,38 ,39 ,40 ,41 ,42 ,43 ,44 ,45 ,46 ,47 ,48 ,49 ,50 ,51 ,52 ,53 ,54 ,55 ,56 ,57 ,58 ,59 ,60 ,61 ,62 ,63 ,64 ,65 ,66 ,67 ,68 ,69 ,70 ,71 ,72 ,73 ,74 ,75 ,
33 , 35, 2, 34

0 ,1 ,2 ,3 ,4 ,5 ,6 ,7 ,8 ,9 ,10 ,11 ,12 ,13 ,14 ,15 ,16 ,17 ,18 ,19 ,20 ,21 ,22 ,23 ,24 ,25 ,26 ,27 ,28 ,29 ,30 ,31 ,32 ,33 ,34 ,35 ,37 ,38 ,39 ,40 ,41 ,42 ,43 ,44 ,45 ,46 ,47 ,48 ,49 ,50 ,51 ,52 ,53 ,54 ,55 ,56 ,57 ,58 ,59 ,60 ,61 ,62 ,63 ,64 ,65 ,66 ,67 ,68 ,69 ,70 ,71 ,72 ,73 ,74 ,75 ,
35 , 37, 2, 36

0 ,1 ,2 ,3 ,4 ,5 ,6 ,7 ,8 ,9 ,10 ,11 ,12 ,13 ,14 ,15 ,16 ,17 ,18 ,19 ,20 ,21 ,22 ,23 ,24 ,25 ,26 ,27 ,28 ,29 ,30 ,31 ,32 ,33 ,34 ,35 ,36 ,37 ,39 ,40 ,41 ,42 ,43 ,44 ,45 ,46 ,47 ,48 ,49 ,50 ,51 ,52 ,53 ,54 ,55 ,56 ,57 ,58 ,59 ,60 ,61 ,62 ,63 ,64 ,65 ,66 ,67 ,68 ,69 ,70 ,71 ,72 ,73 ,74 ,75 ,
37 , 39, 2, 38

Case #2: 38
7 ,10 ,12 ,13 ,18 ,21 ,22 ,23 ,25 ,28 ,30 ,32 ,33 ,36 ,39 ,42 ,44 ,46 ,48 ,51 ,52 ,53 ,63 ,64 ,70 ,73 ,74 ,75 ,79 ,82 ,83 ,87 ,88 ,90 ,91 ,92 ,95 ,107 ,112 ,113 ,114 ,115 ,117 ,119 ,121 ,129 ,133 ,134 ,136 ,
7 , 10, 3, 1

0 ,7 ,10 ,12 ,13 ,18 ,21 ,22 ,23 ,25 ,28 ,30 ,32 ,33 ,36 ,39 ,42 ,44 ,46 ,51 ,52 ,53 ,63 ,64 ,70 ,73 ,74 ,75 ,79 ,82 ,83 ,87 ,88 ,90 ,91 ,92 ,95 ,107 ,112 ,113 ,114 ,115 ,117 ,119 ,121 ,129 ,133 ,134 ,136 ,
0 , 7, 7, 1

0 ,1 ,7 ,10 ,12 ,13 ,18 ,21 ,22 ,23 ,25 ,28 ,30 ,32 ,33 ,36 ,39 ,42 ,46 ,51 ,52 ,53 ,63 ,64 ,70 ,73 ,74 ,75 ,79 ,82 ,83 ,87 ,88 ,90 ,91 ,92 ,95 ,107 ,112 ,113 ,114 ,115 ,117 ,119 ,121 ,129 ,133 ,134 ,136 ,
1 , 7, 6, 2

0 ,1 ,2 ,7 ,10 ,12 ,13 ,18 ,21 ,22 ,23 ,25 ,28 ,30 ,32 ,33 ,36 ,39 ,42 ,46 ,51 ,52 ,53 ,63 ,64 ,70 ,73 ,74 ,75 ,79 ,82 ,83 ,87 ,88 ,90 ,91 ,92 ,95 ,107 ,112 ,114 ,115 ,117 ,119 ,121 ,129 ,133 ,134 ,136 ,
2 , 7, 5, 3

0 ,1 ,2 ,3 ,7 ,10 ,12 ,13 ,18 ,21 ,22 ,23 ,25 ,28 ,30 ,32 ,33 ,36 ,39 ,42 ,46 ,51 ,52 ,63 ,64 ,70 ,73 ,74 ,75 ,79 ,82 ,83 ,87 ,88 ,90 ,91 ,92 ,95 ,107 ,112 ,114 ,115 ,117 ,119 ,121 ,129 ,133 ,134 ,136 ,
3 , 7, 4, 4

0 ,1 ,2 ,3 ,4 ,7 ,10 ,12 ,13 ,18 ,21 ,22 ,23 ,25 ,28 ,30 ,32 ,33 ,36 ,39 ,42 ,46 ,51 ,52 ,63 ,64 ,70 ,73 ,74 ,75 ,79 ,82 ,83 ,87 ,88 ,90 ,91 ,92 ,95 ,107 ,112 ,114 ,115 ,117 ,119 ,121 ,133 ,134 ,136 ,
4 , 7, 3, 5

0 ,1 ,2 ,3 ,4 ,5 ,7 ,10 ,12 ,13 ,18 ,21 ,22 ,23 ,25 ,28 ,30 ,32 ,33 ,36 ,39 ,42 ,46 ,52 ,63 ,64 ,70 ,73 ,74 ,75 ,79 ,82 ,83 ,87 ,88 ,90 ,91 ,92 ,95 ,107 ,112 ,114 ,115 ,117 ,119 ,121 ,133 ,134 ,136 ,
5 , 7, 2, 6

0 ,1 ,2 ,3 ,4 ,5 ,6 ,7 ,10 ,12 ,13 ,18 ,21 ,22 ,23 ,25 ,28 ,30 ,32 ,33 ,36 ,39 ,42 ,46 ,52 ,63 ,64 ,70 ,73 ,74 ,75 ,79 ,82 ,83 ,87 ,88 ,90 ,91 ,92 ,107 ,112 ,114 ,115 ,117 ,119 ,121 ,133 ,134 ,136 ,
7 , 10, 3, 8

0 ,1 ,2 ,3 ,4 ,5 ,6 ,7 ,8 ,10 ,12 ,13 ,18 ,22 ,23 ,25 ,28 ,30 ,32 ,33 ,36 ,39 ,42 ,46 ,52 ,63 ,64 ,70 ,73 ,74 ,75 ,79 ,82 ,83 ,87 ,88 ,90 ,91 ,92 ,107 ,112 ,114 ,115 ,117 ,119 ,121 ,133 ,134 ,136 ,
8 , 10, 2, 9

0 ,1 ,2 ,3 ,4 ,5 ,6 ,7 ,8 ,9 ,10 ,12 ,13 ,18 ,22 ,23 ,25 ,28 ,30 ,32 ,33 ,36 ,39 ,42 ,46 ,52 ,63 ,64 ,70 ,73 ,74 ,75 ,79 ,82 ,83 ,87 ,88 ,90 ,91 ,92 ,107 ,112 ,114 ,115 ,117 ,119 ,121 ,134 ,136 ,
10 , 12, 2, 11

0 ,1 ,2 ,3 ,4 ,5 ,6 ,7 ,8 ,9 ,10 ,11 ,12 ,13 ,18 ,22 ,23 ,25 ,28 ,30 ,32 ,33 ,36 ,39 ,42 ,46 ,52 ,63 ,64 ,70 ,73 ,74 ,75 ,79 ,82 ,83 ,87 ,88 ,90 ,91 ,92 ,107 ,112 ,114 ,115 ,117 ,121 ,134 ,136 ,
13 , 18, 5, 14

0 ,1 ,2 ,3 ,4 ,5 ,6 ,7 ,8 ,9 ,10 ,11 ,12 ,13 ,14 ,22 ,23 ,25 ,28 ,30 ,32 ,33 ,36 ,39 ,42 ,46 ,52 ,63 ,64 ,70 ,73 ,74 ,75 ,79 ,82 ,83 ,87 ,88 ,90 ,91 ,92 ,107 ,112 ,114 ,115 ,117 ,121 ,134 ,136 ,
14 , 22, 8, 15

0 ,1 ,2 ,3 ,4 ,5 ,6 ,7 ,8 ,9 ,10 ,11 ,12 ,13 ,14 ,15 ,22 ,23 ,25 ,28 ,30 ,32 ,33 ,36 ,39 ,42 ,46 ,52 ,63 ,64 ,70 ,73 ,74 ,75 ,79 ,83 ,87 ,88 ,90 ,91 ,92 ,107 ,112 ,114 ,115 ,117 ,121 ,134 ,136 ,
15 , 22, 7, 16

0 ,1 ,2 ,3 ,4 ,5 ,6 ,7 ,8 ,9 ,10 ,11 ,12 ,13 ,14 ,15 ,16 ,22 ,23 ,25 ,28 ,30 ,32 ,33 ,36 ,39 ,42 ,46 ,52 ,63 ,64 ,70 ,73 ,75 ,79 ,83 ,87 ,88 ,90 ,91 ,92 ,107 ,112 ,114 ,115 ,117 ,121 ,134 ,136 ,
16 , 22, 6, 17

0 ,1 ,2 ,3 ,4 ,5 ,6 ,7 ,8 ,9 ,10 ,11 ,12 ,13 ,14 ,15 ,16 ,17 ,22 ,23 ,25 ,28 ,30 ,32 ,33 ,36 ,39 ,42 ,46 ,52 ,63 ,64 ,70 ,73 ,79 ,83 ,87 ,88 ,90 ,91 ,92 ,107 ,112 ,114 ,115 ,117 ,121 ,134 ,136 ,
17 , 22, 5, 18

0 ,1 ,2 ,3 ,4 ,5 ,6 ,7 ,8 ,9 ,10 ,11 ,12 ,13 ,14 ,15 ,16 ,17 ,18 ,22 ,23 ,25 ,28 ,30 ,32 ,33 ,36 ,39 ,42 ,46 ,52 ,63 ,64 ,70 ,73 ,79 ,83 ,87 ,88 ,90 ,91 ,107 ,112 ,114 ,115 ,117 ,121 ,134 ,136 ,
18 , 22, 4, 19

0 ,1 ,2 ,3 ,4 ,5 ,6 ,7 ,8 ,9 ,10 ,11 ,12 ,13 ,14 ,15 ,16 ,17 ,18 ,19 ,22 ,23 ,25 ,28 ,30 ,32 ,33 ,36 ,39 ,42 ,46 ,52 ,63 ,64 ,70 ,73 ,79 ,83 ,87 ,88 ,90 ,91 ,112 ,114 ,115 ,117 ,121 ,134 ,136 ,
19 , 22, 3, 20

0 ,1 ,2 ,3 ,4 ,5 ,6 ,7 ,8 ,9 ,10 ,11 ,12 ,13 ,14 ,15 ,16 ,17 ,18 ,19 ,20 ,22 ,23 ,25 ,28 ,30 ,32 ,33 ,36 ,39 ,42 ,46 ,52 ,63 ,64 ,70 ,73 ,79 ,83 ,87 ,90 ,91 ,112 ,114 ,115 ,117 ,121 ,134 ,136 ,
20 , 22, 2, 21

0 ,1 ,2 ,3 ,4 ,5 ,6 ,7 ,8 ,9 ,10 ,11 ,12 ,13 ,14 ,15 ,16 ,17 ,18 ,19 ,20 ,21 ,22 ,23 ,25 ,28 ,30 ,32 ,33 ,36 ,42 ,46 ,52 ,63 ,64 ,70 ,73 ,79 ,83 ,87 ,90 ,91 ,112 ,114 ,115 ,117 ,121 ,134 ,136 ,
23 , 25, 2, 24

0 ,1 ,2 ,3 ,4 ,5 ,6 ,7 ,8 ,9 ,10 ,11 ,12 ,13 ,14 ,15 ,16 ,17 ,18 ,19 ,20 ,21 ,22 ,23 ,24 ,25 ,30 ,32 ,33 ,36 ,42 ,46 ,52 ,63 ,64 ,70 ,73 ,79 ,83 ,87 ,90 ,91 ,112 ,114 ,115 ,117 ,121 ,134 ,136 ,
25 , 30, 5, 26

0 ,1 ,2 ,3 ,4 ,5 ,6 ,7 ,8 ,9 ,10 ,11 ,12 ,13 ,14 ,15 ,16 ,17 ,18 ,19 ,20 ,21 ,22 ,23 ,24 ,25 ,26 ,30 ,32 ,33 ,36 ,42 ,46 ,52 ,63 ,64 ,70 ,73 ,79 ,83 ,87 ,90 ,91 ,112 ,114 ,117 ,121 ,134 ,136 ,
26 , 30, 4, 27

0 ,1 ,2 ,3 ,4 ,5 ,6 ,7 ,8 ,9 ,10 ,11 ,12 ,13 ,14 ,15 ,16 ,17 ,18 ,19 ,20 ,21 ,22 ,23 ,24 ,25 ,26 ,27 ,30 ,32 ,33 ,36 ,42 ,46 ,52 ,63 ,64 ,70 ,73 ,79 ,83 ,90 ,91 ,112 ,114 ,117 ,121 ,134 ,136 ,
27 , 30, 3, 28

0 ,1 ,2 ,3 ,4 ,5 ,6 ,7 ,8 ,9 ,10 ,11 ,12 ,13 ,14 ,15 ,16 ,17 ,18 ,19 ,20 ,21 ,23 ,24 ,25 ,26 ,27 ,28 ,30 ,32 ,33 ,36 ,42 ,46 ,52 ,63 ,64 ,70 ,73 ,79 ,83 ,90 ,91 ,112 ,114 ,117 ,121 ,134 ,136 ,
21 , 23, 2, 22

0 ,1 ,2 ,3 ,4 ,5 ,6 ,7 ,8 ,9 ,10 ,11 ,12 ,14 ,15 ,16 ,17 ,18 ,19 ,20 ,21 ,22 ,23 ,24 ,25 ,26 ,27 ,28 ,30 ,32 ,33 ,36 ,42 ,46 ,52 ,63 ,64 ,70 ,73 ,79 ,83 ,90 ,91 ,112 ,114 ,117 ,121 ,134 ,136 ,
12 , 14, 2, 13

0 ,1 ,2 ,3 ,4 ,5 ,6 ,7 ,8 ,9 ,10 ,11 ,12 ,13 ,14 ,15 ,16 ,17 ,18 ,19 ,20 ,21 ,22 ,23 ,24 ,25 ,26 ,27 ,28 ,30 ,32 ,33 ,36 ,42 ,46 ,52 ,63 ,64 ,70 ,73 ,79 ,83 ,90 ,91 ,112 ,114 ,117 ,121 ,136 ,
28 , 30, 2, 29

0 ,1 ,2 ,3 ,4 ,5 ,6 ,7 ,8 ,9 ,10 ,11 ,12 ,13 ,14 ,15 ,16 ,17 ,18 ,19 ,20 ,21 ,22 ,23 ,24 ,25 ,26 ,27 ,28 ,29 ,30 ,32 ,33 ,36 ,42 ,46 ,52 ,63 ,64 ,70 ,73 ,79 ,83 ,90 ,91 ,112 ,114 ,117 ,121 ,
30 , 32, 2, 31

0 ,1 ,2 ,3 ,4 ,5 ,6 ,7 ,8 ,9 ,10 ,11 ,12 ,13 ,14 ,15 ,16 ,17 ,18 ,19 ,20 ,21 ,22 ,23 ,24 ,25 ,26 ,27 ,28 ,29 ,30 ,31 ,32 ,36 ,42 ,46 ,52 ,63 ,64 ,70 ,73 ,79 ,83 ,90 ,91 ,112 ,114 ,117 ,121 ,
32 , 36, 4, 33

0 ,1 ,2 ,3 ,4 ,5 ,6 ,7 ,8 ,9 ,10 ,11 ,12 ,13 ,14 ,15 ,16 ,17 ,18 ,19 ,20 ,21 ,22 ,23 ,24 ,25 ,26 ,27 ,28 ,29 ,30 ,31 ,32 ,33 ,36 ,42 ,46 ,52 ,64 ,70 ,73 ,79 ,83 ,90 ,91 ,112 ,114 ,117 ,121 ,
33 , 36, 3, 34

0 ,1 ,2 ,3 ,4 ,5 ,6 ,7 ,8 ,9 ,10 ,11 ,12 ,13 ,14 ,15 ,16 ,17 ,18 ,19 ,20 ,21 ,22 ,23 ,24 ,26 ,27 ,28 ,29 ,30 ,31 ,32 ,33 ,34 ,36 ,42 ,46 ,52 ,64 ,70 ,73 ,79 ,83 ,90 ,91 ,112 ,114 ,117 ,121 ,
24 , 26, 2, 25

0 ,1 ,2 ,3 ,4 ,5 ,6 ,7 ,8 ,9 ,10 ,11 ,12 ,13 ,14 ,15 ,16 ,17 ,18 ,19 ,20 ,21 ,22 ,23 ,24 ,25 ,26 ,27 ,28 ,29 ,30 ,31 ,32 ,33 ,34 ,36 ,42 ,46 ,52 ,70 ,73 ,79 ,83 ,90 ,91 ,112 ,114 ,117 ,121 ,
34 , 36, 2, 35

0 ,1 ,2 ,3 ,4 ,5 ,6 ,7 ,8 ,9 ,10 ,11 ,12 ,13 ,14 ,15 ,16 ,17 ,18 ,19 ,20 ,21 ,22 ,23 ,24 ,25 ,26 ,27 ,28 ,29 ,30 ,31 ,32 ,33 ,34 ,35 ,36 ,46 ,52 ,70 ,73 ,79 ,83 ,90 ,91 ,112 ,114 ,117 ,121 ,
36 , 46, 10, 37

0 ,1 ,2 ,3 ,4 ,5 ,6 ,7 ,8 ,9 ,10 ,11 ,12 ,13 ,14 ,15 ,16 ,17 ,18 ,19 ,20 ,21 ,22 ,23 ,24 ,25 ,26 ,27 ,28 ,29 ,30 ,31 ,32 ,33 ,34 ,35 ,36 ,37 ,46 ,52 ,70 ,73 ,83 ,90 ,91 ,112 ,114 ,117 ,121 ,
37 , 46, 9, 38

0 ,1 ,2 ,3 ,4 ,5 ,6 ,7 ,8 ,9 ,10 ,11 ,12 ,13 ,14 ,15 ,16 ,17 ,18 ,19 ,20 ,21 ,22 ,24 ,25 ,26 ,27 ,28 ,29 ,30 ,31 ,32 ,33 ,34 ,35 ,36 ,37 ,38 ,46 ,52 ,70 ,73 ,83 ,90 ,91 ,112 ,114 ,117 ,121 ,
22 , 24, 2, 23

0 ,1 ,2 ,3 ,4 ,5 ,6 ,7 ,8 ,9 ,10 ,11 ,12 ,13 ,14 ,15 ,16 ,17 ,18 ,19 ,20 ,21 ,22 ,23 ,24 ,25 ,26 ,27 ,28 ,29 ,31 ,32 ,33 ,34 ,35 ,36 ,37 ,38 ,46 ,52 ,70 ,73 ,83 ,90 ,91 ,112 ,114 ,117 ,121 ,
29 , 31, 2, 30

0 ,1 ,2 ,3 ,4 ,5 ,6 ,7 ,8 ,9 ,10 ,11 ,13 ,14 ,15 ,16 ,17 ,18 ,19 ,20 ,21 ,22 ,23 ,24 ,25 ,26 ,27 ,28 ,29 ,30 ,31 ,32 ,33 ,34 ,35 ,36 ,37 ,38 ,46 ,52 ,70 ,73 ,83 ,90 ,91 ,112 ,114 ,117 ,121 ,
11 , 13, 2, 12

0 ,1 ,2 ,3 ,4 ,5 ,6 ,7 ,8 ,9 ,10 ,11 ,12 ,13 ,14 ,15 ,16 ,17 ,18 ,19 ,20 ,21 ,22 ,23 ,24 ,25 ,26 ,27 ,28 ,29 ,30 ,31 ,32 ,33 ,34 ,35 ,36 ,37 ,38 ,46 ,52 ,70 ,73 ,83 ,90 ,91 ,112 ,114 ,121 ,
38 , 46, 8, 39

0 ,1 ,2 ,3 ,4 ,5 ,6 ,7 ,8 ,9 ,10 ,11 ,12 ,13 ,14 ,15 ,16 ,17 ,18 ,19 ,20 ,21 ,22 ,23 ,24 ,25 ,26 ,27 ,28 ,29 ,30 ,31 ,32 ,33 ,34 ,35 ,36 ,37 ,38 ,39 ,46 ,52 ,70 ,73 ,83 ,90 ,91 ,112 ,114 ,
39 , 46, 7, 40

0 ,1 ,2 ,3 ,4 ,5 ,6 ,7 ,8 ,9 ,10 ,11 ,12 ,13 ,14 ,15 ,16 ,17 ,18 ,19 ,20 ,21 ,22 ,23 ,24 ,25 ,26 ,27 ,28 ,29 ,30 ,31 ,32 ,33 ,34 ,35 ,36 ,37 ,38 ,39 ,40 ,46 ,70 ,73 ,83 ,90 ,91 ,112 ,114 ,
40 , 46, 6, 41

0 ,1 ,2 ,3 ,4 ,5 ,6 ,7 ,8 ,9 ,10 ,11 ,12 ,13 ,14 ,15 ,16 ,17 ,18 ,19 ,20 ,21 ,22 ,23 ,24 ,25 ,26 ,27 ,28 ,29 ,30 ,31 ,32 ,33 ,34 ,35 ,36 ,37 ,38 ,39 ,40 ,41 ,46 ,70 ,73 ,83 ,90 ,91 ,114 ,
41 , 46, 5, 42

0 ,1 ,2 ,3 ,4 ,5 ,6 ,7 ,8 ,9 ,10 ,11 ,12 ,13 ,14 ,15 ,16 ,17 ,18 ,19 ,20 ,21 ,22 ,23 ,24 ,25 ,26 ,27 ,28 ,29 ,30 ,31 ,32 ,33 ,34 ,35 ,37 ,38 ,39 ,40 ,41 ,42 ,46 ,70 ,73 ,83 ,90 ,91 ,114 ,
35 , 37, 2, 36

0 ,1 ,2 ,3 ,4 ,5 ,6 ,7 ,8 ,9 ,10 ,11 ,12 ,13 ,14 ,15 ,16 ,17 ,18 ,19 ,20 ,21 ,22 ,23 ,24 ,25 ,26 ,27 ,28 ,29 ,30 ,31 ,32 ,33 ,34 ,35 ,36 ,37 ,38 ,39 ,40 ,41 ,42 ,46 ,70 ,73 ,83 ,90 ,91 ,
42 , 46, 4, 43

0 ,1 ,2 ,3 ,4 ,5 ,6 ,7 ,8 ,9 ,10 ,11 ,12 ,13 ,14 ,15 ,16 ,17 ,18 ,19 ,20 ,21 ,22 ,23 ,24 ,25 ,26 ,27 ,28 ,29 ,30 ,31 ,32 ,33 ,34 ,35 ,36 ,37 ,38 ,39 ,40 ,41 ,42 ,43 ,46 ,73 ,83 ,90 ,91 ,
43 , 46, 3, 44

0 ,1 ,2 ,3 ,4 ,5 ,6 ,8 ,9 ,10 ,11 ,12 ,13 ,14 ,15 ,16 ,17 ,18 ,19 ,20 ,21 ,22 ,23 ,24 ,25 ,26 ,27 ,28 ,29 ,30 ,31 ,32 ,33 ,34 ,35 ,36 ,37 ,38 ,39 ,40 ,41 ,42 ,43 ,44 ,46 ,73 ,83 ,90 ,91 ,
6 , 8, 2, 7

0 ,1 ,2 ,3 ,4 ,5 ,6 ,7 ,8 ,9 ,10 ,11 ,12 ,13 ,14 ,15 ,16 ,17 ,18 ,19 ,20 ,21 ,22 ,23 ,24 ,25 ,26 ,27 ,28 ,29 ,30 ,31 ,33 ,34 ,35 ,36 ,37 ,38 ,39 ,40 ,41 ,42 ,43 ,44 ,46 ,73 ,83 ,90 ,91 ,
31 , 33, 2, 32

0 ,1 ,2 ,3 ,4 ,5 ,6 ,7 ,8 ,9 ,10 ,11 ,12 ,13 ,14 ,15 ,16 ,17 ,18 ,19 ,20 ,21 ,22 ,23 ,24 ,25 ,26 ,27 ,28 ,29 ,30 ,31 ,32 ,33 ,34 ,35 ,36 ,37 ,38 ,39 ,40 ,41 ,42 ,43 ,44 ,73 ,83 ,90 ,91 ,
44 , 73, 29, 45

0 ,1 ,2 ,3 ,4 ,5 ,6 ,7 ,8 ,9 ,11 ,12 ,13 ,14 ,15 ,16 ,17 ,18 ,19 ,20 ,21 ,22 ,23 ,24 ,25 ,26 ,27 ,28 ,29 ,30 ,31 ,32 ,33 ,34 ,35 ,36 ,37 ,38 ,39 ,40 ,41 ,42 ,43 ,44 ,45 ,73 ,83 ,90 ,91 ,
9 , 11, 2, 10

0 ,1 ,2 ,3 ,4 ,5 ,6 ,7 ,8 ,9 ,10 ,11 ,12 ,13 ,14 ,15 ,16 ,17 ,18 ,19 ,20 ,21 ,22 ,23 ,24 ,25 ,26 ,27 ,28 ,29 ,30 ,31 ,32 ,33 ,34 ,35 ,36 ,37 ,38 ,39 ,40 ,41 ,42 ,43 ,44 ,45 ,73 ,90 ,91 ,
45 , 73, 28, 46

0 ,1 ,2 ,3 ,4 ,5 ,6 ,7 ,8 ,9 ,10 ,11 ,12 ,13 ,14 ,15 ,16 ,17 ,18 ,19 ,20 ,21 ,22 ,23 ,24 ,25 ,26 ,27 ,28 ,29 ,30 ,31 ,32 ,33 ,34 ,35 ,36 ,37 ,38 ,39 ,40 ,41 ,42 ,43 ,44 ,45 ,46 ,73 ,90 ,
46 , 73, 27, 47

0 ,1 ,2 ,3 ,4 ,5 ,6 ,7 ,8 ,9 ,10 ,11 ,12 ,13 ,14 ,15 ,16 ,17 ,18 ,19 ,20 ,21 ,22 ,23 ,24 ,25 ,26 ,27 ,28 ,29 ,30 ,31 ,32 ,33 ,34 ,35 ,36 ,37 ,38 ,39 ,40 ,41 ,42 ,43 ,44 ,45 ,46 ,47 ,73 ,
47 , 73, 26, 48

0 ,1 ,2 ,3 ,4 ,5 ,6 ,7 ,8 ,9 ,10 ,11 ,12 ,13 ,14 ,15 ,16 ,17 ,18 ,19 ,20 ,21 ,22 ,23 ,24 ,25 ,26 ,27 ,28 ,29 ,30 ,31 ,32 ,33 ,34 ,35 ,36 ,37 ,38 ,39 ,40 ,41 ,42 ,43 ,44 ,45 ,46 ,47 ,48 ,
48 , , -48, 49

1 ,2 ,3 ,4 ,5 ,6 ,7 ,8 ,9 ,10 ,11 ,12 ,13 ,14 ,15 ,16 ,17 ,18 ,19 ,20 ,21 ,22 ,23 ,24 ,25 ,26 ,27 ,28 ,29 ,30 ,31 ,32 ,33 ,34 ,35 ,36 ,37 ,38 ,39 ,40 ,41 ,42 ,43 ,44 ,45 ,46 ,47 ,48 ,49 ,
49 , , -49, 49

0 ,2 ,3 ,4 ,5 ,6 ,7 ,8 ,9 ,10 ,11 ,12 ,13 ,14 ,15 ,16 ,17 ,18 ,19 ,20 ,21 ,22 ,23 ,24 ,25 ,26 ,27 ,28 ,29 ,30 ,31 ,32 ,33 ,34 ,35 ,36 ,37 ,38 ,39 ,40 ,41 ,42 ,43 ,44 ,45 ,46 ,47 ,48 ,49 ,
0 , 2, 2, 1

0 ,1 ,3 ,4 ,5 ,6 ,7 ,8 ,9 ,10 ,11 ,12 ,13 ,14 ,15 ,16 ,17 ,18 ,19 ,20 ,21 ,22 ,23 ,24 ,25 ,26 ,27 ,28 ,29 ,30 ,31 ,32 ,33 ,34 ,35 ,36 ,37 ,38 ,39 ,40 ,41 ,42 ,43 ,44 ,45 ,46 ,47 ,48 ,49 ,
1 , 3, 2, 2

0 ,1 ,2 ,4 ,5 ,6 ,7 ,8 ,9 ,10 ,11 ,12 ,13 ,14 ,15 ,16 ,17 ,18 ,19 ,20 ,21 ,22 ,23 ,24 ,25 ,26 ,27 ,28 ,29 ,30 ,31 ,32 ,33 ,34 ,35 ,36 ,37 ,38 ,39 ,40 ,41 ,42 ,43 ,44 ,45 ,46 ,47 ,48 ,49 ,
2 , 4, 2, 3

0 ,1 ,2 ,3 ,5 ,6 ,7 ,8 ,9 ,10 ,11 ,12 ,13 ,14 ,15 ,16 ,17 ,18 ,19 ,20 ,21 ,22 ,23 ,24 ,25 ,26 ,27 ,28 ,29 ,30 ,31 ,32 ,33 ,34 ,35 ,36 ,37 ,38 ,39 ,40 ,41 ,42 ,43 ,44 ,45 ,46 ,47 ,48 ,49 ,
3 , 5, 2, 4

0 ,1 ,2 ,3 ,4 ,6 ,7 ,8 ,9 ,10 ,11 ,12 ,13 ,14 ,15 ,16 ,17 ,18 ,19 ,20 ,21 ,22 ,23 ,24 ,25 ,26 ,27 ,28 ,29 ,30 ,31 ,32 ,33 ,34 ,35 ,36 ,37 ,38 ,39 ,40 ,41 ,42 ,43 ,44 ,45 ,46 ,47 ,48 ,49 ,
4 , 6, 2, 5

0 ,1 ,2 ,3 ,4 ,5 ,7 ,8 ,9 ,10 ,11 ,12 ,13 ,14 ,15 ,16 ,17 ,18 ,19 ,20 ,21 ,22 ,23 ,24 ,25 ,26 ,27 ,28 ,29 ,30 ,31 ,32 ,33 ,34 ,35 ,36 ,37 ,38 ,39 ,40 ,41 ,42 ,43 ,44 ,45 ,46 ,47 ,48 ,49 ,
5 , 7, 2, 6

0 ,1 ,2 ,3 ,4 ,5 ,6 ,7 ,9 ,10 ,11 ,12 ,13 ,14 ,15 ,16 ,17 ,18 ,19 ,20 ,21 ,22 ,23 ,24 ,25 ,26 ,27 ,28 ,29 ,30 ,31 ,32 ,33 ,34 ,35 ,36 ,37 ,38 ,39 ,40 ,41 ,42 ,43 ,44 ,45 ,46 ,47 ,48 ,49 ,
7 , 9, 2, 8

0 ,1 ,2 ,3 ,4 ,5 ,6 ,7 ,8 ,10 ,11 ,12 ,13 ,14 ,15 ,16 ,17 ,18 ,19 ,20 ,21 ,22 ,23 ,24 ,25 ,26 ,27 ,28 ,29 ,30 ,31 ,32 ,33 ,34 ,35 ,36 ,37 ,38 ,39 ,40 ,41 ,42 ,43 ,44 ,45 ,46 ,47 ,48 ,49 ,
8 , 10, 2, 9

0 ,1 ,2 ,3 ,4 ,5 ,6 ,7 ,8 ,9 ,10 ,12 ,13 ,14 ,15 ,16 ,17 ,18 ,19 ,20 ,21 ,22 ,23 ,24 ,25 ,26 ,27 ,28 ,29 ,30 ,31 ,32 ,33 ,34 ,35 ,36 ,37 ,38 ,39 ,40 ,41 ,42 ,43 ,44 ,45 ,46 ,47 ,48 ,49 ,
10 , 12, 2, 11

0 ,1 ,2 ,3 ,4 ,5 ,6 ,7 ,8 ,9 ,10 ,11 ,12 ,13 ,15 ,16 ,17 ,18 ,19 ,20 ,21 ,22 ,23 ,24 ,25 ,26 ,27 ,28 ,29 ,30 ,31 ,32 ,33 ,34 ,35 ,36 ,37 ,38 ,39 ,40 ,41 ,42 ,43 ,44 ,45 ,46 ,47 ,48 ,49 ,
13 , 15, 2, 14

0 ,1 ,2 ,3 ,4 ,5 ,6 ,7 ,8 ,9 ,10 ,11 ,12 ,13 ,14 ,16 ,17 ,18 ,19 ,20 ,21 ,22 ,23 ,24 ,25 ,26 ,27 ,28 ,29 ,30 ,31 ,32 ,33 ,34 ,35 ,36 ,37 ,38 ,39 ,40 ,41 ,42 ,43 ,44 ,45 ,46 ,47 ,48 ,49 ,
14 , 16, 2, 15

0 ,1 ,2 ,3 ,4 ,5 ,6 ,7 ,8 ,9 ,10 ,11 ,12 ,13 ,14 ,15 ,17 ,18 ,19 ,20 ,21 ,22 ,23 ,24 ,25 ,26 ,27 ,28 ,29 ,30 ,31 ,32 ,33 ,34 ,35 ,36 ,37 ,38 ,39 ,40 ,41 ,42 ,43 ,44 ,45 ,46 ,47 ,48 ,49 ,
15 , 17, 2, 16

0 ,1 ,2 ,3 ,4 ,5 ,6 ,7 ,8 ,9 ,10 ,11 ,12 ,13 ,14 ,15 ,16 ,18 ,19 ,20 ,21 ,22 ,23 ,24 ,25 ,26 ,27 ,28 ,29 ,30 ,31 ,32 ,33 ,34 ,35 ,36 ,37 ,38 ,39 ,40 ,41 ,42 ,43 ,44 ,45 ,46 ,47 ,48 ,49 ,
16 , 18, 2, 17

0 ,1 ,2 ,3 ,4 ,5 ,6 ,7 ,8 ,9 ,10 ,11 ,12 ,13 ,14 ,15 ,16 ,17 ,19 ,20 ,21 ,22 ,23 ,24 ,25 ,26 ,27 ,28 ,29 ,30 ,31 ,32 ,33 ,34 ,35 ,36 ,37 ,38 ,39 ,40 ,41 ,42 ,43 ,44 ,45 ,46 ,47 ,48 ,49 ,
17 , 19, 2, 18

0 ,1 ,2 ,3 ,4 ,5 ,6 ,7 ,8 ,9 ,10 ,11 ,12 ,13 ,14 ,15 ,16 ,17 ,18 ,20 ,21 ,22 ,23 ,24 ,25 ,26 ,27 ,28 ,29 ,30 ,31 ,32 ,33 ,34 ,35 ,36 ,37 ,38 ,39 ,40 ,41 ,42 ,43 ,44 ,45 ,46 ,47 ,48 ,49 ,
18 , 20, 2, 19

0 ,1 ,2 ,3 ,4 ,5 ,6 ,7 ,8 ,9 ,10 ,11 ,12 ,13 ,14 ,15 ,16 ,17 ,18 ,19 ,21 ,22 ,23 ,24 ,25 ,26 ,27 ,28 ,29 ,30 ,31 ,32 ,33 ,34 ,35 ,36 ,37 ,38 ,39 ,40 ,41 ,42 ,43 ,44 ,45 ,46 ,47 ,48 ,49 ,
19 , 21, 2, 20

0 ,1 ,2 ,3 ,4 ,5 ,6 ,7 ,8 ,9 ,10 ,11 ,12 ,13 ,14 ,15 ,16 ,17 ,18 ,19 ,20 ,22 ,23 ,24 ,25 ,26 ,27 ,28 ,29 ,30 ,31 ,32 ,33 ,34 ,35 ,36 ,37 ,38 ,39 ,40 ,41 ,42 ,43 ,44 ,45 ,46 ,47 ,48 ,49 ,
20 , 22, 2, 21

0 ,1 ,2 ,3 ,4 ,5 ,6 ,7 ,8 ,9 ,10 ,11 ,12 ,13 ,14 ,15 ,16 ,17 ,18 ,19 ,20 ,21 ,22 ,23 ,25 ,26 ,27 ,28 ,29 ,30 ,31 ,32 ,33 ,34 ,35 ,36 ,37 ,38 ,39 ,40 ,41 ,42 ,43 ,44 ,45 ,46 ,47 ,48 ,49 ,
23 , 25, 2, 24

0 ,1 ,2 ,3 ,4 ,5 ,6 ,7 ,8 ,9 ,10 ,11 ,12 ,13 ,14 ,15 ,16 ,17 ,18 ,19 ,20 ,21 ,22 ,23 ,24 ,25 ,27 ,28 ,29 ,30 ,31 ,32 ,33 ,34 ,35 ,36 ,37 ,38 ,39 ,40 ,41 ,42 ,43 ,44 ,45 ,46 ,47 ,48 ,49 ,
25 , 27, 2, 26

0 ,1 ,2 ,3 ,4 ,5 ,6 ,7 ,8 ,9 ,10 ,11 ,12 ,13 ,14 ,15 ,16 ,17 ,18 ,19 ,20 ,21 ,22 ,23 ,24 ,25 ,26 ,28 ,29 ,30 ,31 ,32 ,33 ,34 ,35 ,36 ,37 ,38 ,39 ,40 ,41 ,42 ,43 ,44 ,45 ,46 ,47 ,48 ,49 ,
26 , 28, 2, 27

0 ,1 ,2 ,3 ,4 ,5 ,6 ,7 ,8 ,9 ,10 ,11 ,12 ,13 ,14 ,15 ,16 ,17 ,18 ,19 ,20 ,21 ,22 ,23 ,24 ,25 ,26 ,27 ,29 ,30 ,31 ,32 ,33 ,34 ,35 ,36 ,37 ,38 ,39 ,40 ,41 ,42 ,43 ,44 ,45 ,46 ,47 ,48 ,49 ,
27 , 29, 2, 28

0 ,1 ,2 ,3 ,4 ,5 ,6 ,7 ,8 ,9 ,10 ,11 ,12 ,13 ,14 ,15 ,16 ,17 ,18 ,19 ,20 ,21 ,23 ,24 ,25 ,26 ,27 ,28 ,29 ,30 ,31 ,32 ,33 ,34 ,35 ,36 ,37 ,38 ,39 ,40 ,41 ,42 ,43 ,44 ,45 ,46 ,47 ,48 ,49 ,
21 , 23, 2, 22

0 ,1 ,2 ,3 ,4 ,5 ,6 ,7 ,8 ,9 ,10 ,11 ,12 ,14 ,15 ,16 ,17 ,18 ,19 ,20 ,21 ,22 ,23 ,24 ,25 ,26 ,27 ,28 ,29 ,30 ,31 ,32 ,33 ,34 ,35 ,36 ,37 ,38 ,39 ,40 ,41 ,42 ,43 ,44 ,45 ,46 ,47 ,48 ,49 ,
12 , 14, 2, 13

0 ,1 ,2 ,3 ,4 ,5 ,6 ,7 ,8 ,9 ,10 ,11 ,12 ,13 ,14 ,15 ,16 ,17 ,18 ,19 ,20 ,21 ,22 ,23 ,24 ,25 ,26 ,27 ,28 ,30 ,31 ,32 ,33 ,34 ,35 ,36 ,37 ,38 ,39 ,40 ,41 ,42 ,43 ,44 ,45 ,46 ,47 ,48 ,49 ,
28 , 30, 2, 29

0 ,1 ,2 ,3 ,4 ,5 ,6 ,7 ,8 ,9 ,10 ,11 ,12 ,13 ,14 ,15 ,16 ,17 ,18 ,19 ,20 ,21 ,22 ,23 ,24 ,25 ,26 ,27 ,28 ,29 ,30 ,32 ,33 ,34 ,35 ,36 ,37 ,38 ,39 ,40 ,41 ,42 ,43 ,44 ,45 ,46 ,47 ,48 ,49 ,
30 , 32, 2, 31

0 ,1 ,2 ,3 ,4 ,5 ,6 ,7 ,8 ,9 ,10 ,11 ,12 ,13 ,14 ,15 ,16 ,17 ,18 ,19 ,20 ,21 ,22 ,23 ,24 ,25 ,26 ,27 ,28 ,29 ,30 ,31 ,32 ,34 ,35 ,36 ,37 ,38 ,39 ,40 ,41 ,42 ,43 ,44 ,45 ,46 ,47 ,48 ,49 ,
32 , 34, 2, 33

0 ,1 ,2 ,3 ,4 ,5 ,6 ,7 ,8 ,9 ,10 ,11 ,12 ,13 ,14 ,15 ,16 ,17 ,18 ,19 ,20 ,21 ,22 ,23 ,24 ,25 ,26 ,27 ,28 ,29 ,30 ,31 ,32 ,33 ,35 ,36 ,37 ,38 ,39 ,40 ,41 ,42 ,43 ,44 ,45 ,46 ,47 ,48 ,49 ,
33 , 35, 2, 34

0 ,1 ,2 ,3 ,4 ,5 ,6 ,7 ,8 ,9 ,10 ,11 ,12 ,13 ,14 ,15 ,16 ,17 ,18 ,19 ,20 ,21 ,22 ,23 ,24 ,26 ,27 ,28 ,29 ,30 ,31 ,32 ,33 ,34 ,35 ,36 ,37 ,38 ,39 ,40 ,41 ,42 ,43 ,44 ,45 ,46 ,47 ,48 ,49 ,
24 , 26, 2, 25

0 ,1 ,2 ,3 ,4 ,5 ,6 ,7 ,8 ,9 ,10 ,11 ,12 ,13 ,14 ,15 ,16 ,17 ,18 ,19 ,20 ,21 ,22 ,23 ,24 ,25 ,26 ,27 ,28 ,29 ,30 ,31 ,32 ,33 ,34 ,36 ,37 ,38 ,39 ,40 ,41 ,42 ,43 ,44 ,45 ,46 ,47 ,48 ,49 ,
34 , 36, 2, 35

0 ,1 ,2 ,3 ,4 ,5 ,6 ,7 ,8 ,9 ,10 ,11 ,12 ,13 ,14 ,15 ,16 ,17 ,18 ,19 ,20 ,21 ,22 ,23 ,24 ,25 ,26 ,27 ,28 ,29 ,30 ,31 ,32 ,33 ,34 ,35 ,36 ,38 ,39 ,40 ,41 ,42 ,43 ,44 ,45 ,46 ,47 ,48 ,49 ,
36 , 38, 2, 37

0 ,1 ,2 ,3 ,4 ,5 ,6 ,7 ,8 ,9 ,10 ,11 ,12 ,13 ,14 ,15 ,16 ,17 ,18 ,19 ,20 ,21 ,22 ,23 ,24 ,25 ,26 ,27 ,28 ,29 ,30 ,31 ,32 ,33 ,34 ,35 ,36 ,37 ,39 ,40 ,41 ,42 ,43 ,44 ,45 ,46 ,47 ,48 ,49 ,
37 , 39, 2, 38

0 ,1 ,2 ,3 ,4 ,5 ,6 ,7 ,8 ,9 ,10 ,11 ,12 ,13 ,14 ,15 ,16 ,17 ,18 ,19 ,20 ,21 ,22 ,24 ,25 ,26 ,27 ,28 ,29 ,30 ,31 ,32 ,33 ,34 ,35 ,36 ,37 ,38 ,39 ,40 ,41 ,42 ,43 ,44 ,45 ,46 ,47 ,48 ,49 ,
22 , 24, 2, 23

0 ,1 ,2 ,3 ,4 ,5 ,6 ,7 ,8 ,9 ,10 ,11 ,12 ,13 ,14 ,15 ,16 ,17 ,18 ,19 ,20 ,21 ,22 ,23 ,24 ,25 ,26 ,27 ,28 ,29 ,31 ,32 ,33 ,34 ,35 ,36 ,37 ,38 ,39 ,40 ,41 ,42 ,43 ,44 ,45 ,46 ,47 ,48 ,49 ,
29 , 31, 2, 30

0 ,1 ,2 ,3 ,4 ,5 ,6 ,7 ,8 ,9 ,10 ,11 ,13 ,14 ,15 ,16 ,17 ,18 ,19 ,20 ,21 ,22 ,23 ,24 ,25 ,26 ,27 ,28 ,29 ,30 ,31 ,32 ,33 ,34 ,35 ,36 ,37 ,38 ,39 ,40 ,41 ,42 ,43 ,44 ,45 ,46 ,47 ,48 ,49 ,
11 , 13, 2, 12

0 ,1 ,2 ,3 ,4 ,5 ,6 ,7 ,8 ,9 ,10 ,11 ,12 ,13 ,14 ,15 ,16 ,17 ,18 ,19 ,20 ,21 ,22 ,23 ,24 ,25 ,26 ,27 ,28 ,29 ,30 ,31 ,32 ,33 ,34 ,35 ,36 ,37 ,38 ,40 ,41 ,42 ,43 ,44 ,45 ,46 ,47 ,48 ,49 ,
38 , 40, 2, 39

0 ,1 ,2 ,3 ,4 ,5 ,6 ,7 ,8 ,9 ,10 ,11 ,12 ,13 ,14 ,15 ,16 ,17 ,18 ,19 ,20 ,21 ,22 ,23 ,24 ,25 ,26 ,27 ,28 ,29 ,30 ,31 ,32 ,33 ,34 ,35 ,36 ,37 ,38 ,39 ,41 ,42 ,43 ,44 ,45 ,46 ,47 ,48 ,49 ,
39 , 41, 2, 40

0 ,1 ,2 ,3 ,4 ,5 ,6 ,7 ,8 ,9 ,10 ,11 ,12 ,13 ,14 ,15 ,16 ,17 ,18 ,19 ,20 ,21 ,22 ,23 ,24 ,25 ,26 ,27 ,28 ,29 ,30 ,31 ,32 ,33 ,34 ,35 ,36 ,37 ,38 ,39 ,40 ,42 ,43 ,44 ,45 ,46 ,47 ,48 ,49 ,
40 , 42, 2, 41

Case #3: 41
6 ,6 ,6 ,6 ,6 ,6 ,6 ,6 ,6 ,6 ,6 ,6 ,6 ,6 ,6 ,6 ,6 ,6 ,6 ,6 ,18 ,18 ,18 ,18 ,18 ,18 ,18 ,18 ,18 ,18 ,18 ,18 ,18 ,18 ,18 ,18 ,18 ,18 ,18 ,18 ,84 ,84 ,84 ,84 ,84 ,84 ,84 ,84 ,84 ,84 ,84 ,84 ,84 ,84 ,84 ,84 ,84 ,84 ,84 ,
6 , 18, 12, 20

0 ,6 ,6 ,6 ,6 ,6 ,6 ,6 ,6 ,6 ,6 ,6 ,6 ,6 ,6 ,6 ,6 ,6 ,6 ,6 ,18 ,18 ,18 ,18 ,18 ,18 ,18 ,18 ,18 ,18 ,18 ,18 ,18 ,18 ,18 ,18 ,18 ,18 ,18 ,18 ,84 ,84 ,84 ,84 ,84 ,84 ,84 ,84 ,84 ,84 ,84 ,84 ,84 ,84 ,84 ,84 ,84 ,84 ,84 ,
0 , 6, 6, 1

0 ,1 ,6 ,6 ,6 ,6 ,6 ,6 ,6 ,6 ,6 ,6 ,6 ,6 ,6 ,6 ,6 ,6 ,6 ,6 ,6 ,18 ,18 ,18 ,18 ,18 ,18 ,18 ,18 ,18 ,18 ,18 ,18 ,18 ,18 ,18 ,18 ,18 ,18 ,18 ,84 ,84 ,84 ,84 ,84 ,84 ,84 ,84 ,84 ,84 ,84 ,84 ,84 ,84 ,84 ,84 ,84 ,84 ,84 ,
1 , 6, 5, 2

0 ,1 ,2 ,6 ,6 ,6 ,6 ,6 ,6 ,6 ,6 ,6 ,6 ,6 ,6 ,6 ,6 ,6 ,6 ,6 ,6 ,6 ,18 ,18 ,18 ,18 ,18 ,18 ,18 ,18 ,18 ,18 ,18 ,18 ,18 ,18 ,18 ,18 ,18 ,18 ,18 ,84 ,84 ,84 ,84 ,84 ,84 ,84 ,84 ,84 ,84 ,84 ,84 ,84 ,84 ,84 ,84 ,84 ,84 ,
2 , 6, 4, 3

0 ,1 ,2 ,3 ,6 ,6 ,6 ,6 ,6 ,6 ,6 ,6 ,6 ,6 ,6 ,6 ,6 ,6 ,6 ,6 ,6 ,6 ,18 ,18 ,18 ,18 ,18 ,18 ,18 ,18 ,18 ,18 ,18 ,18 ,18 ,18 ,18 ,18 ,18 ,18 ,18 ,84 ,84 ,84 ,84 ,84 ,84 ,84 ,84 ,84 ,84 ,84 ,84 ,84 ,84 ,84 ,84 ,84 ,84 ,
3 , 6, 3, 4

0 ,1 ,2 ,3 ,4 ,6 ,6 ,6 ,6 ,6 ,6 ,6 ,6 ,6 ,6 ,6 ,6 ,6 ,6 ,6 ,6 ,6 ,6 ,18 ,18 ,18 ,18 ,18 ,18 ,18 ,18 ,18 ,18 ,18 ,18 ,18 ,18 ,18 ,18 ,18 ,18 ,84 ,84 ,84 ,84 ,84 ,84 ,84 ,84 ,84 ,84 ,84 ,84 ,84 ,84 ,84 ,84 ,84 ,84 ,
4 , 6, 2, 5

0 ,1 ,2 ,3 ,4 ,5 ,6 ,6 ,6 ,6 ,6 ,6 ,6 ,6 ,6 ,6 ,6 ,6 ,6 ,6 ,6 ,6 ,6 ,6 ,18 ,18 ,18 ,18 ,18 ,18 ,18 ,18 ,18 ,18 ,18 ,18 ,18 ,18 ,18 ,18 ,18 ,18 ,84 ,84 ,84 ,84 ,84 ,84 ,84 ,84 ,84 ,84 ,84 ,84 ,84 ,84 ,84 ,84 ,84 ,
6 , 18, 12, 24

0 ,1 ,2 ,3 ,4 ,5 ,6 ,6 ,6 ,6 ,6 ,6 ,6 ,6 ,6 ,6 ,6 ,6 ,6 ,6 ,6 ,6 ,6 ,7 ,18 ,18 ,18 ,18 ,18 ,18 ,18 ,18 ,18 ,18 ,18 ,18 ,18 ,18 ,18 ,18 ,18 ,18 ,84 ,84 ,84 ,84 ,84 ,84 ,84 ,84 ,84 ,84 ,84 ,84 ,84 ,84 ,84 ,84 ,84 ,
7 , 18, 11, 24

0 ,1 ,2 ,3 ,4 ,5 ,6 ,6 ,6 ,6 ,6 ,6 ,6 ,6 ,6 ,6 ,6 ,6 ,6 ,6 ,6 ,6 ,6 ,7 ,8 ,18 ,18 ,18 ,18 ,18 ,18 ,18 ,18 ,18 ,18 ,18 ,18 ,18 ,18 ,18 ,18 ,18 ,84 ,84 ,84 ,84 ,84 ,84 ,84 ,84 ,84 ,84 ,84 ,84 ,84 ,84 ,84 ,84 ,84 ,
8 , 18, 10, 25

0 ,1 ,2 ,3 ,4 ,5 ,6 ,6 ,6 ,6 ,6 ,6 ,6 ,6 ,6 ,6 ,6 ,6 ,6 ,6 ,6 ,6 ,6 ,7 ,8 ,9 ,18 ,18 ,18 ,18 ,18 ,18 ,18 ,18 ,18 ,18 ,18 ,18 ,18 ,18 ,18 ,18 ,18 ,84 ,84 ,84 ,84 ,84 ,84 ,84 ,84 ,84 ,84 ,84 ,84 ,84 ,84 ,84 ,84 ,
9 , 18, 9, 26

0 ,1 ,2 ,3 ,4 ,5 ,6 ,6 ,6 ,6 ,6 ,6 ,6 ,6 ,6 ,6 ,6 ,6 ,6 ,6 ,6 ,6 ,7 ,8 ,9 ,10 ,18 ,18 ,18 ,18 ,18 ,18 ,18 ,18 ,18 ,18 ,18 ,18 ,18 ,18 ,18 ,18 ,18 ,84 ,84 ,84 ,84 ,84 ,84 ,84 ,84 ,84 ,84 ,84 ,84 ,84 ,84 ,84 ,84 ,
10 , 18, 8, 26

0 ,1 ,2 ,3 ,4 ,5 ,6 ,6 ,6 ,6 ,6 ,6 ,6 ,6 ,6 ,6 ,6 ,6 ,6 ,6 ,6 ,6 ,7 ,8 ,9 ,10 ,11 ,18 ,18 ,18 ,18 ,18 ,18 ,18 ,18 ,18 ,18 ,18 ,18 ,18 ,18 ,18 ,18 ,84 ,84 ,84 ,84 ,84 ,84 ,84 ,84 ,84 ,84 ,84 ,84 ,84 ,84 ,84 ,84 ,
11 , 18, 7, 27

0 ,1 ,2 ,3 ,4 ,5 ,6 ,6 ,6 ,6 ,6 ,6 ,6 ,6 ,6 ,6 ,6 ,6 ,6 ,6 ,6 ,6 ,7 ,8 ,9 ,10 ,11 ,12 ,18 ,18 ,18 ,18 ,18 ,18 ,18 ,18 ,18 ,18 ,18 ,18 ,18 ,18 ,18 ,18 ,84 ,84 ,84 ,84 ,84 ,84 ,84 ,84 ,84 ,84 ,84 ,84 ,84 ,84 ,84 ,
12 , 18, 6, 28

0 ,1 ,2 ,3 ,4 ,5 ,6 ,6 ,6 ,6 ,6 ,6 ,6 ,6 ,6 ,6 ,6 ,6 ,6 ,6 ,6 ,7 ,8 ,9 ,10 ,11 ,12 ,13 ,18 ,18 ,18 ,18 ,18 ,18 ,18 ,18 ,18 ,18 ,18 ,18 ,18 ,18 ,18 ,18 ,84 ,84 ,84 ,84 ,84 ,84 ,84 ,84 ,84 ,84 ,84 ,84 ,84 ,84 ,84 ,
13 , 18, 5, 28

0 ,1 ,2 ,3 ,4 ,5 ,6 ,6 ,6 ,6 ,6 ,6 ,6 ,6 ,6 ,6 ,6 ,6 ,6 ,6 ,6 ,7 ,8 ,9 ,10 ,11 ,12 ,13 ,14 ,18 ,18 ,18 ,18 ,18 ,18 ,18 ,18 ,18 ,18 ,18 ,18 ,18 ,18 ,18 ,84 ,84 ,84 ,84 ,84 ,84 ,84 ,84 ,84 ,84 ,84 ,84 ,84 ,84 ,84 ,
14 , 18, 4, 29

0 ,1 ,2 ,3 ,4 ,5 ,6 ,6 ,6 ,6 ,6 ,6 ,6 ,6 ,6 ,6 ,6 ,6 ,6 ,6 ,6 ,7 ,8 ,9 ,10 ,11 ,12 ,13 ,14 ,15 ,18 ,18 ,18 ,18 ,18 ,18 ,18 ,18 ,18 ,18 ,18 ,18 ,18 ,18 ,18 ,84 ,84 ,84 ,84 ,84 ,84 ,84 ,84 ,84 ,84 ,84 ,84 ,84 ,84 ,
15 , 18, 3, 30

0 ,1 ,2 ,3 ,4 ,5 ,6 ,6 ,6 ,6 ,6 ,6 ,6 ,6 ,6 ,6 ,6 ,6 ,6 ,6 ,7 ,8 ,9 ,10 ,11 ,12 ,13 ,14 ,15 ,16 ,18 ,18 ,18 ,18 ,18 ,18 ,18 ,18 ,18 ,18 ,18 ,18 ,18 ,18 ,18 ,84 ,84 ,84 ,84 ,84 ,84 ,84 ,84 ,84 ,84 ,84 ,84 ,84 ,84 ,
16 , 18, 2, 30

0 ,1 ,2 ,3 ,4 ,5 ,6 ,6 ,6 ,6 ,6 ,6 ,6 ,6 ,6 ,6 ,6 ,6 ,6 ,6 ,7 ,8 ,9 ,10 ,11 ,12 ,13 ,14 ,15 ,16 ,17 ,18 ,18 ,18 ,18 ,18 ,18 ,18 ,18 ,18 ,18 ,18 ,18 ,18 ,18 ,84 ,84 ,84 ,84 ,84 ,84 ,84 ,84 ,84 ,84 ,84 ,84 ,84 ,84 ,
18 , 84, 66, 45

0 ,1 ,2 ,3 ,4 ,5 ,6 ,6 ,6 ,6 ,6 ,6 ,6 ,6 ,6 ,6 ,6 ,6 ,6 ,6 ,7 ,8 ,9 ,10 ,11 ,12 ,13 ,14 ,15 ,16 ,17 ,18 ,18 ,18 ,18 ,18 ,18 ,18 ,18 ,18 ,18 ,18 ,18 ,18 ,18 ,19 ,84 ,84 ,84 ,84 ,84 ,84 ,84 ,84 ,84 ,84 ,84 ,84 ,84 ,
19 , 84, 65, 46

0 ,1 ,2 ,3 ,4 ,5 ,6 ,6 ,6 ,6 ,6 ,6 ,6 ,6 ,6 ,6 ,6 ,6 ,6 ,7 ,8 ,9 ,10 ,11 ,12 ,13 ,14 ,15 ,16 ,17 ,18 ,18 ,18 ,18 ,18 ,18 ,18 ,18 ,18 ,18 ,18 ,18 ,18 ,18 ,19 ,20 ,84 ,84 ,84 ,84 ,84 ,84 ,84 ,84 ,84 ,84 ,84 ,84 ,84 ,
20 , 84, 64, 46

0 ,1 ,2 ,3 ,4 ,5 ,6 ,6 ,6 ,6 ,6 ,6 ,6 ,6 ,6 ,6 ,6 ,6 ,6 ,7 ,8 ,9 ,10 ,11 ,12 ,13 ,14 ,15 ,16 ,17 ,18 ,18 ,18 ,18 ,18 ,18 ,18 ,18 ,18 ,18 ,18 ,18 ,18 ,19 ,20 ,21 ,84 ,84 ,84 ,84 ,84 ,84 ,84 ,84 ,84 ,84 ,84 ,84 ,84 ,
21 , 84, 63, 46

0 ,1 ,2 ,3 ,4 ,5 ,6 ,6 ,6 ,6 ,6 ,6 ,6 ,6 ,6 ,6 ,6 ,6 ,6 ,7 ,8 ,9 ,10 ,11 ,12 ,13 ,14 ,15 ,16 ,17 ,18 ,18 ,18 ,18 ,18 ,18 ,18 ,18 ,18 ,18 ,18 ,18 ,18 ,19 ,20 ,21 ,22 ,84 ,84 ,84 ,84 ,84 ,84 ,84 ,84 ,84 ,84 ,84 ,84 ,
22 , 84, 62, 47

0 ,1 ,2 ,3 ,4 ,5 ,6 ,6 ,6 ,6 ,6 ,6 ,6 ,6 ,6 ,6 ,6 ,6 ,7 ,8 ,9 ,10 ,11 ,12 ,13 ,14 ,15 ,16 ,17 ,18 ,18 ,18 ,18 ,18 ,18 ,18 ,18 ,18 ,18 ,18 ,18 ,18 ,19 ,20 ,21 ,22 ,23 ,84 ,84 ,84 ,84 ,84 ,84 ,84 ,84 ,84 ,84 ,84 ,84 ,
23 , 84, 61, 47

0 ,1 ,2 ,3 ,4 ,5 ,6 ,6 ,6 ,6 ,6 ,6 ,6 ,6 ,6 ,6 ,6 ,6 ,7 ,8 ,9 ,10 ,11 ,12 ,13 ,14 ,15 ,16 ,17 ,18 ,18 ,18 ,18 ,18 ,18 ,18 ,18 ,18 ,18 ,18 ,18 ,19 ,20 ,21 ,22 ,23 ,24 ,84 ,84 ,84 ,84 ,84 ,84 ,84 ,84 ,84 ,84 ,84 ,84 ,
24 , 84, 60, 47

0 ,1 ,2 ,3 ,4 ,5 ,6 ,6 ,6 ,6 ,6 ,6 ,6 ,6 ,6 ,6 ,6 ,6 ,7 ,8 ,9 ,10 ,11 ,12 ,13 ,14 ,15 ,16 ,17 ,18 ,18 ,18 ,18 ,18 ,18 ,18 ,18 ,18 ,18 ,18 ,18 ,19 ,20 ,21 ,22 ,23 ,24 ,25 ,84 ,84 ,84 ,84 ,84 ,84 ,84 ,84 ,84 ,84 ,84 ,
25 , 84, 59, 48

0 ,1 ,2 ,3 ,4 ,5 ,6 ,6 ,6 ,6 ,6 ,6 ,6 ,6 ,6 ,6 ,6 ,7 ,8 ,9 ,10 ,11 ,12 ,13 ,14 ,15 ,16 ,17 ,18 ,18 ,18 ,18 ,18 ,18 ,18 ,18 ,18 ,18 ,18 ,18 ,19 ,20 ,21 ,22 ,23 ,24 ,25 ,26 ,84 ,84 ,84 ,84 ,84 ,84 ,84 ,84 ,84 ,84 ,84 ,
26 , 84, 58, 48

0 ,1 ,2 ,3 ,4 ,5 ,6 ,6 ,6 ,6 ,6 ,6 ,6 ,6 ,6 ,6 ,6 ,7 ,8 ,9 ,10 ,11 ,12 ,13 ,14 ,15 ,16 ,17 ,18 ,18 ,18 ,18 ,18 ,18 ,18 ,18 ,18 ,18 ,18 ,19 ,20 ,21 ,22 ,23 ,24 ,25 ,26 ,27 ,84 ,84 ,84 ,84 ,84 ,84 ,84 ,84 ,84 ,84 ,84 ,
27 , 84, 57, 48

0 ,1 ,2 ,3 ,4 ,5 ,6 ,6 ,6 ,6 ,6 ,6 ,6 ,6 ,6 ,6 ,6 ,7 ,8 ,9 ,10 ,11 ,12 ,13 ,14 ,15 ,16 ,17 ,18 ,18 ,18 ,18 ,18 ,18 ,18 ,18 ,18 ,18 ,18 ,19 ,20 ,21 ,22 ,23 ,24 ,25 ,26 ,27 ,28 ,84 ,84 ,84 ,84 ,84 ,84 ,84 ,84 ,84 ,84 ,
28 , 84, 56, 49

0 ,1 ,2 ,3 ,4 ,5 ,6 ,6 ,6 ,6 ,6 ,6 ,6 ,6 ,6 ,6 ,7 ,8 ,9 ,10 ,11 ,12 ,13 ,14 ,15 ,16 ,17 ,18 ,18 ,18 ,18 ,18 ,18 ,18 ,18 ,18 ,18 ,18 ,19 ,20 ,21 ,22 ,23 ,24 ,25 ,26 ,27 ,28 ,29 ,84 ,84 ,84 ,84 ,84 ,84 ,84 ,84 ,84 ,84 ,
29 , 84, 55, 49

0 ,1 ,2 ,3 ,4 ,5 ,6 ,6 ,6 ,6 ,6 ,6 ,6 ,6 ,6 ,6 ,7 ,8 ,9 ,10 ,11 ,12 ,13 ,14 ,15 ,16 ,17 ,18 ,18 ,18 ,18 ,18 ,18 ,18 ,18 ,18 ,18 ,19 ,20 ,21 ,22 ,23 ,24 ,25 ,26 ,27 ,28 ,29 ,30 ,84 ,84 ,84 ,84 ,84 ,84 ,84 ,84 ,84 ,84 ,
30 , 84, 54, 49

0 ,1 ,2 ,3 ,4 ,5 ,6 ,6 ,6 ,6 ,6 ,6 ,6 ,6 ,6 ,6 ,7 ,8 ,9 ,10 ,11 ,12 ,13 ,14 ,15 ,16 ,17 ,18 ,18 ,18 ,18 ,18 ,18 ,18 ,18 ,18 ,18 ,19 ,20 ,21 ,22 ,23 ,24 ,25 ,26 ,27 ,28 ,29 ,30 ,31 ,84 ,84 ,84 ,84 ,84 ,84 ,84 ,84 ,84 ,
31 , 84, 53, 50

0 ,1 ,2 ,3 ,4 ,5 ,6 ,6 ,6 ,6 ,6 ,6 ,6 ,6 ,6 ,7 ,8 ,9 ,10 ,11 ,12 ,13 ,14 ,15 ,16 ,17 ,18 ,18 ,18 ,18 ,18 ,18 ,18 ,18 ,18 ,18 ,19 ,20 ,21 ,22 ,23 ,24 ,25 ,26 ,27 ,28 ,29 ,30 ,31 ,32 ,84 ,84 ,84 ,84 ,84 ,84 ,84 ,84 ,84 ,
32 , 84, 52, 50

0 ,1 ,2 ,3 ,4 ,5 ,6 ,6 ,6 ,6 ,6 ,6 ,6 ,6 ,6 ,7 ,8 ,9 ,10 ,11 ,12 ,13 ,14 ,15 ,16 ,17 ,18 ,18 ,18 ,18 ,18 ,18 ,18 ,18 ,18 ,19 ,20 ,21 ,22 ,23 ,24 ,25 ,26 ,27 ,28 ,29 ,30 ,31 ,32 ,33 ,84 ,84 ,84 ,84 ,84 ,84 ,84 ,84 ,84 ,
33 , 84, 51, 50

0 ,1 ,2 ,3 ,4 ,5 ,6 ,6 ,6 ,6 ,6 ,6 ,6 ,6 ,6 ,7 ,8 ,9 ,10 ,11 ,12 ,13 ,14 ,15 ,16 ,17 ,18 ,18 ,18 ,18 ,18 ,18 ,18 ,18 ,18 ,19 ,20 ,21 ,22 ,23 ,24 ,25 ,26 ,27 ,28 ,29 ,30 ,31 ,32 ,33 ,34 ,84 ,84 ,84 ,84 ,84 ,84 ,84 ,84 ,
34 , 84, 50, 51

0 ,1 ,2 ,3 ,4 ,5 ,6 ,6 ,6 ,6 ,6 ,6 ,6 ,6 ,7 ,8 ,9 ,10 ,11 ,12 ,13 ,14 ,15 ,16 ,17 ,18 ,18 ,18 ,18 ,18 ,18 ,18 ,18 ,18 ,19 ,20 ,21 ,22 ,23 ,24 ,25 ,26 ,27 ,28 ,29 ,30 ,31 ,32 ,33 ,34 ,35 ,84 ,84 ,84 ,84 ,84 ,84 ,84 ,84 ,
35 , 84, 49, 51

0 ,1 ,2 ,3 ,4 ,5 ,6 ,6 ,6 ,6 ,6 ,6 ,6 ,6 ,7 ,8 ,9 ,10 ,11 ,12 ,13 ,14 ,15 ,16 ,17 ,18 ,18 ,18 ,18 ,18 ,18 ,18 ,18 ,19 ,20 ,21 ,22 ,23 ,24 ,25 ,26 ,27 ,28 ,29 ,30 ,31 ,32 ,33 ,34 ,35 ,36 ,84 ,84 ,84 ,84 ,84 ,84 ,84 ,84 ,
36 , 84, 48, 51

0 ,1 ,2 ,3 ,4 ,5 ,6 ,6 ,6 ,6 ,6 ,6 ,6 ,6 ,7 ,8 ,9 ,10 ,11 ,12 ,13 ,14 ,15 ,16 ,17 ,18 ,18 ,18 ,18 ,18 ,18 ,18 ,18 ,19 ,20 ,21 ,22 ,23 ,24 ,25 ,26 ,27 ,28 ,29 ,30 ,31 ,32 ,33 ,34 ,35 ,36 ,37 ,84 ,84 ,84 ,84 ,84 ,84 ,84 ,
37 , 84, 47, 52

0 ,1 ,2 ,3 ,4 ,5 ,6 ,6 ,6 ,6 ,6 ,6 ,6 ,7 ,8 ,9 ,10 ,11 ,12 ,13 ,14 ,15 ,16 ,17 ,18 ,18 ,18 ,18 ,18 ,18 ,18 ,18 ,19 ,20 ,21 ,22 ,23 ,24 ,25 ,26 ,27 ,28 ,29 ,30 ,31 ,32 ,33 ,34 ,35 ,36 ,37 ,38 ,84 ,84 ,84 ,84 ,84 ,84 ,84 ,
38 , 84, 46, 52

0 ,1 ,2 ,3 ,4 ,5 ,6 ,6 ,6 ,6 ,6 ,6 ,6 ,7 ,8 ,9 ,10 ,11 ,12 ,13 ,14 ,15 ,16 ,17 ,18 ,18 ,18 ,18 ,18 ,18 ,18 ,19 ,20 ,21 ,22 ,23 ,24 ,25 ,26 ,27 ,28 ,29 ,30 ,31 ,32 ,33 ,34 ,35 ,36 ,37 ,38 ,39 ,84 ,84 ,84 ,84 ,84 ,84 ,84 ,
39 , 84, 45, 52

Case #4: 40
0 ,1 ,2 ,7 ,9 ,15 ,16 ,19 ,20 ,26 ,28 ,31 ,34 ,35 ,36 ,37 ,40 ,41 ,
2 , 7, 5, 3

0 ,1 ,2 ,3 ,9 ,15 ,16 ,19 ,20 ,26 ,28 ,31 ,34 ,35 ,36 ,37 ,40 ,41 ,
3 , 9, 6, 4

0 ,1 ,2 ,3 ,4 ,9 ,15 ,16 ,19 ,20 ,26 ,28 ,31 ,34 ,35 ,36 ,37 ,41 ,
4 , 9, 5, 5

0 ,1 ,2 ,3 ,4 ,5 ,9 ,15 ,16 ,19 ,20 ,26 ,28 ,31 ,34 ,36 ,37 ,41 ,
5 , 9, 4, 6

0 ,1 ,2 ,3 ,4 ,5 ,6 ,9 ,15 ,16 ,19 ,20 ,28 ,31 ,34 ,36 ,37 ,41 ,
6 , 9, 3, 7

0 ,1 ,2 ,3 ,4 ,5 ,6 ,7 ,9 ,15 ,16 ,20 ,28 ,31 ,34 ,36 ,37 ,41 ,
7 , 9, 2, 8

0 ,1 ,2 ,3 ,4 ,5 ,6 ,7 ,8 ,9 ,15 ,16 ,20 ,28 ,31 ,36 ,37 ,41 ,
9 , 15, 6, 10

0 ,1 ,2 ,3 ,4 ,5 ,6 ,7 ,8 ,9 ,10 ,16 ,20 ,28 ,31 ,36 ,37 ,41 ,
10 , 16, 6, 11

0 ,1 ,2 ,3 ,4 ,5 ,6 ,7 ,8 ,9 ,10 ,11 ,16 ,20 ,28 ,31 ,37 ,41 ,
11 , 16, 5, 12

0 ,1 ,2 ,3 ,4 ,5 ,6 ,7 ,8 ,9 ,10 ,11 ,12 ,16 ,20 ,28 ,31 ,41 ,
12 , 16, 4, 13

0 ,1 ,3 ,4 ,5 ,6 ,7 ,8 ,9 ,10 ,11 ,12 ,13 ,16 ,20 ,28 ,31 ,41 ,
1 , 3, 2, 2

0 ,1 ,2 ,3 ,4 ,5 ,6 ,7 ,8 ,9 ,10 ,11 ,12 ,13 ,16 ,20 ,28 ,41 ,
13 , 16, 3, 14

0 ,1 ,2 ,3 ,4 ,5 ,6 ,7 ,8 ,9 ,10 ,11 ,12 ,13 ,14 ,16 ,20 ,41 ,
14 , 16, 2, 15

0 ,1 ,2 ,3 ,4 ,5 ,6 ,7 ,8 ,9 ,10 ,11 ,12 ,13 ,14 ,15 ,16 ,20 ,
16 , 20, 4, 17

1 ,2 ,3 ,4 ,5 ,6 ,7 ,8 ,9 ,10 ,11 ,12 ,13 ,14 ,15 ,16 ,17 ,20 ,
17 , 20, 3, 17

0 ,1 ,2 ,3 ,4 ,5 ,6 ,7 ,8 ,10 ,11 ,12 ,13 ,14 ,15 ,16 ,17 ,20 ,
8 , 10, 2, 9

0 ,1 ,2 ,3 ,4 ,5 ,6 ,7 ,8 ,9 ,10 ,11 ,12 ,13 ,14 ,15 ,17 ,20 ,
15 , 17, 2, 16

0 ,2 ,3 ,4 ,5 ,6 ,7 ,8 ,9 ,10 ,11 ,12 ,13 ,14 ,15 ,16 ,17 ,20 ,
0 , 2, 2, 1

0 ,1 ,2 ,3 ,4 ,5 ,6 ,7 ,8 ,9 ,10 ,11 ,12 ,13 ,14 ,15 ,16 ,17 ,
17 , , -17, 18

0 ,1 ,2 ,4 ,5 ,6 ,7 ,8 ,9 ,10 ,11 ,12 ,13 ,14 ,15 ,16 ,17 ,18 ,
2 , 4, 2, 3

0 ,1 ,2 ,3 ,5 ,6 ,7 ,8 ,9 ,10 ,11 ,12 ,13 ,14 ,15 ,16 ,17 ,18 ,
3 , 5, 2, 4

0 ,1 ,2 ,3 ,4 ,6 ,7 ,8 ,9 ,10 ,11 ,12 ,13 ,14 ,15 ,16 ,17 ,18 ,
4 , 6, 2, 5

0 ,1 ,2 ,3 ,4 ,5 ,7 ,8 ,9 ,10 ,11 ,12 ,13 ,14 ,15 ,16 ,17 ,18 ,
5 , 7, 2, 6

0 ,1 ,2 ,3 ,4 ,5 ,6 ,8 ,9 ,10 ,11 ,12 ,13 ,14 ,15 ,16 ,17 ,18 ,
6 , 8, 2, 7

0 ,1 ,2 ,3 ,4 ,5 ,6 ,7 ,9 ,10 ,11 ,12 ,13 ,14 ,15 ,16 ,17 ,18 ,
7 , 9, 2, 8

0 ,1 ,2 ,3 ,4 ,5 ,6 ,7 ,8 ,9 ,11 ,12 ,13 ,14 ,15 ,16 ,17 ,18 ,
9 , 11, 2, 10

0 ,1 ,2 ,3 ,4 ,5 ,6 ,7 ,8 ,9 ,10 ,12 ,13 ,14 ,15 ,16 ,17 ,18 ,
10 , 12, 2, 11

0 ,1 ,2 ,3 ,4 ,5 ,6 ,7 ,8 ,9 ,10 ,11 ,13 ,14 ,15 ,16 ,17 ,18 ,
11 , 13, 2, 12

Case #5: 12
