20
232959116 56689
4 9 1 999903057
840698758 13331
8 7 10 999955808
497151700 96511
9 7 6 999919625
1000000000 100000
999999999 1 999999999 1000000000
82 81
58 56 739 82
78 51
3 5 5 51230
1000000000 100000
100000 1 0 1000000000
1000000000 100000
99999 1 99999 100000
98 59
6 30 524 98
73 26
5 8 4 54214
22 21
1 4 869 22
218492221 46085
3 7 1 999969453
45068754 29153
2 9 5 999904402
110 53
7 7 1 64417
640834505 28785
3 9 1 999946125
186 75
68 16 539 186
59 26
14 19 681 59
164 96
76 2 193 164
693840425 90561
2 6 7 999957328
1000000000 1
12 7 74 12
